590.0 30.0 163.0 0.5 verse
19.0 26.0 3.0 0.25 verse
16.0 24.0 3.0 0.5 verse
36.0 19.0 5.0 0.4 verse
35.0 17.0 26.0 0.1 verse
177.0 26.0 51.0 0.55 verse
77.0 11.0 23.0 0.09 verse
15.0 20.0 3.0 0.25 verse
200.0 8.0 70.0 0.08 verse
18.0 30.0 5.0 0.25 verse
6.0 16.0 2.0 0.0 verse
6.0 17.0 2.0 0.0 verse
157.0 12.0 50.0 0.1 verse
19.0 24.0 4.0 0.25 verse
122.0 10.0 29.0 0.15 verse
232.0 11.0 53.0 0.12 verse
177.0 11.0 68.0 0.28 verse
85.0 30.0 17.0 0.29 verse
188.0 12.0 48.0 0.21 verse
7.0 16.0 3.0 0.0 verse
5.0 16.0 2.0 0.0 verse
5.0 19.0 2.0 0.0 verse
5.0 13.0 2.0 0.0 verse
4.0 13.0 2.0 0.0 verse
28.0 31.0 8.0 0.4 verse
15.0 19.0 4.0 0.2 verse
16.0 25.0 6.0 0.5 verse
6.0 16.0 3.0 0.0 verse
3.0 29.0 7.0 0.0 verse
111.0 29.0 35.0 0.37 verse
96.0 10.0 35.0 0.21 verse
332.0 11.0 96.0 0.18 verse
1.0 1.0 0.0 0.0 verse
114.0 11.0 40.0 0.12 verse
161.0 10.0 56.0 0.13 verse
22.0 26.0 8.0 0.5 verse
15.0 21.0 7.0 0.25 verse
94.0 12.0 32.0 0.2 verse
19.0 14.0 12.0 0.14 verse
14.0 17.0 7.0 0.25 verse
279.0 12.0 75.0 0.13 verse
269.0 28.0 68.0 0.47 verse
133.0 15.0 44.0 0.21 verse
5.0 12.0 2.0 0.0 verse
3.0 5.0 2.0 0.0 verse
6.0 21.0 2.0 0.0 verse
23.0 29.0 4.0 0.25 verse
5.0 9.0 2.0 0.0 verse
3.0 4.0 2.0 0.0 verse
233.0 12.0 61.0 0.12 verse
1.0 1.0 0.0 0.0 verse
5.0 20.0 2.0 0.0 verse
5.0 17.0 2.0 0.0 verse
82.0 29.0 22.0 0.54 verse
5.0 17.0 2.0 0.0 verse
6.0 16.0 3.0 0.0 verse
5.0 12.0 2.0 0.0 verse
19.0 28.0 7.0 0.25 verse
6.0 13.0 2.0 0.0 verse
11.0 39.0 3.0 0.0 verse
152.0 12.0 49.0 0.16 verse
3.0 4.0 2.0 0.0 verse
307.0 11.0 78.0 0.15 verse
3.0 7.0 2.0 0.0 verse
5.0 16.0 4.0 0.0 verse
138.0 31.0 34.0 0.43 verse
47.0 16.0 16.0 0.0 verse
30.0 13.0 11.0 0.15 verse
22.0 30.0 11.0 0.25 verse
1.0 1.0 1.0 0.0 verse
19.0 15.0 9.0 0.0 verse
30.0 11.0 14.0 0.08 verse
1.0 1.0 1.0 0.0 verse
348.0 11.0 88.0 0.14 verse
9.0 81.0 7.0 0.0 verse
141.0 13.0 48.0 0.31 verse
3.0 34.0 7.0 0.0 verse
165.0 29.0 40.0 0.48 verse
4.0 12.0 1.0 0.0 verse
52.0 35.0 15.0 0.13 verse
17.0 22.0 4.0 0.25 verse
11.0 88.0 8.0 0.0 verse
1.0 1.0 1.0 0.0 verse
6.0 13.0 2.0 0.0 verse
230.0 10.0 67.0 0.23 verse
6.0 11.0 3.0 0.0 verse
10.0 26.0 2.0 0.0 verse
2.0 35.0 5.0 0.0 verse
156.0 9.0 32.0 0.21 verse
154.0 28.0 50.0 0.39 verse
15.0 23.0 7.0 0.5 verse
9.0 21.0 2.0 0.0 verse
51.0 13.0 18.0 0.14 verse
12.0 37.0 5.0 0.0 verse
1.0 1.0 1.0 0.0 verse
5.0 9.0 2.0 0.0 verse
20.0 12.0 8.0 0.13 verse
11.0 29.0 2.0 0.0 verse
5.0 13.0 2.0 0.0 verse
4.0 12.0 2.0 0.0 verse
151.0 10.0 58.0 0.23 verse
140.0 30.0 36.0 0.33 verse
25.0 15.0 15.0 0.33 verse
70.0 29.0 23.0 0.4 verse
5.0 9.0 3.0 0.0 verse
4.0 7.0 2.0 0.0 verse
14.0 47.0 3.0 0.0 verse
1.0 1.0 1.0 0.0 verse
7.0 18.0 5.0 0.0 verse
5.0 18.0 2.0 0.0 verse
9.0 23.0 2.0 0.0 verse
146.0 9.0 50.0 0.24 verse
322.0 25.0 102.0 0.56 verse
11.0 18.0 2.0 0.0 verse
1.0 1.0 1.0 0.0 verse
150.0 12.0 35.0 0.2 verse
145.0 28.0 36.0 0.35 verse
22.0 33.0 4.0 0.5 verse
3.0 6.0 2.0 0.0 verse
4.0 9.0 2.0 0.0 verse
163.0 12.0 45.0 0.22 verse
242.0 13.0 83.0 0.28 verse
87.0 10.0 29.0 0.24 verse
17.0 18.0 6.0 0.4 verse
137.0 19.0 42.0 0.36 verse
412.0 12.0 122.0 0.17 verse
76.0 14.0 29.0 0.07 verse
268.0 10.0 79.0 0.16 verse
184.0 30.0 48.0 0.43 verse
264.0 14.0 89.0 0.21 verse
185.0 9.0 51.0 0.08 verse
259.0 11.0 82.0 0.14 verse
14.0 21.0 5.0 0.0 verse
5.0 9.0 1.0 0.0 verse
5.0 13.0 2.0 0.0 verse
25.0 32.0 5.0 0.25 verse
3.0 7.0 1.0 0.0 verse
6.0 22.0 2.0 0.0 verse
135.0 18.0 60.0 0.16 verse
286.0 13.0 113.0 0.2 verse
109.0 29.0 33.0 0.45 verse
390.0 10.0 110.0 0.14 verse
4.0 47.0 5.0 0.0 verse
22.0 13.0 6.0 0.0 verse
5.0 12.0 2.0 0.0 verse
8.0 26.0 9.0 0.0 verse
158.0 32.0 35.0 0.5 verse
11.0 79.0 3.0 0.0 verse
267.0 12.0 75.0 0.18 verse
240.0 29.0 77.0 0.27 verse
4.0 29.0 5.0 0.0 verse
52.0 10.0 15.0 0.16 verse
238.0 30.0 63.0 0.51 verse
19.0 134.0 10.0 0.0 verse
7.0 22.0 3.0 0.0 verse
102.0 6.0 47.0 0.12 verse
16.0 29.0 9.0 0.5 verse
179.0 29.0 46.0 0.42 verse
3.0 7.0 2.0 0.0 verse
4.0 13.0 2.0 0.0 verse
2.0 11.0 1.0 0.0 verse
140.0 9.0 42.0 0.17 verse
168.0 10.0 53.0 0.13 verse
89.0 12.0 19.0 0.19 verse
90.0 29.0 22.0 0.31 verse
463.0 9.0 149.0 0.21 verse
14.0 35.0 3.0 0.0 verse
7.0 19.0 2.0 0.0 verse
26.0 33.0 5.0 0.5 verse
11.0 40.0 2.0 0.0 verse
1.0 1.0 1.0 0.0 verse
8.0 25.0 2.0 0.0 verse
12.0 32.0 2.0 0.0 verse
11.0 27.0 2.0 0.0 verse
1.0 1.0 1.0 0.0 verse
2.0 2.0 2.0 0.0 verse
103.0 28.0 58.0 0.32 verse
26.0 22.0 7.0 0.33 verse
7.0 16.0 2.0 0.0 verse
259.0 29.0 69.0 0.4 verse
5.0 9.0 2.0 0.0 verse
1.0 1.0 1.0 0.0 verse
7.0 16.0 3.0 0.0 verse
20.0 12.0 8.0 0.13 verse
6.0 12.0 4.0 0.0 verse
193.0 11.0 76.0 0.2 verse
4.0 10.0 2.0 0.0 verse
163.0 10.0 43.0 0.2 verse
125.0 30.0 44.0 0.57 verse
6.0 14.0 5.0 0.0 verse
25.0 29.0 7.0 0.5 verse
4.0 7.0 3.0 0.0 verse
6.0 21.0 2.0 0.0 verse
6.0 19.0 3.0 0.0 verse
3.0 8.0 2.0 0.0 verse
3.0 7.0 2.0 0.0 verse
3.0 8.0 2.0 0.0 verse
4.0 9.0 2.0 0.0 verse
234.0 11.0 56.0 0.17 verse
7.0 17.0 2.0 0.0 verse
124.0 30.0 30.0 0.45 verse
67.0 16.0 17.0 0.38 verse
7.0 16.0 2.0 0.0 verse
1.0 1.0 1.0 0.0 verse
4.0 16.0 3.0 0.0 verse
5.0 13.0 1.0 0.0 verse
12.0 13.0 2.0 0.25 verse
3.0 8.0 2.0 0.0 verse
6.0 16.0 2.0 0.0 verse
9.0 34.0 4.0 0.0 verse
4.0 7.0 3.0 0.0 verse
6.0 12.0 2.0 0.0 verse
119.0 13.0 39.0 0.33 verse
17.0 24.0 2.0 0.25 verse
8.0 21.0 2.0 0.0 verse
19.0 26.0 4.0 0.5 verse
6.0 20.0 2.0 0.0 verse
196.0 10.0 76.0 0.21 verse
18.0 25.0 6.0 0.25 verse
6.0 19.0 2.0 0.0 verse
34.0 14.0 41.0 0.28 verse
5.0 29.0 2.0 0.0 verse
35.0 9.0 13.0 0.19 verse
22.0 29.0 5.0 0.25 verse
31.0 26.0 6.0 0.0 verse
13.0 22.0 2.0 0.5 verse
17.0 21.0 4.0 0.25 verse
17.0 27.0 4.0 0.5 verse
17.0 24.0 5.0 0.5 verse
20.0 31.0 4.0 0.5 verse
85.0 27.0 24.0 0.38 verse
19.0 28.0 4.0 0.5 verse
26.0 34.0 13.0 0.25 verse
91.0 18.0 23.0 0.41 verse
148.0 23.0 34.0 0.29 verse
80.0 22.0 19.0 0.35 verse
31.0 29.0 10.0 0.33 verse
23.0 33.0 7.0 0.0 verse
17.0 23.0 6.0 0.25 verse
18.0 27.0 3.0 0.5 verse
17.0 26.0 4.0 0.5 verse
16.0 22.0 6.0 0.5 verse
392.0 29.0 125.0 0.49 verse
20.0 24.0 4.0 0.5 verse
110.0 25.0 30.0 0.43 verse
20.0 27.0 6.0 0.5 verse
168.0 30.0 43.0 0.45 verse
34.0 45.0 9.0 0.25 verse
27.0 26.0 5.0 0.4 verse
17.0 26.0 5.0 0.5 verse
17.0 25.0 4.0 0.0 verse
35.0 27.0 12.0 0.5 verse
19.0 27.0 5.0 0.0 verse
14.0 17.0 4.0 0.5 verse
181.0 30.0 58.0 0.53 verse
22.0 32.0 5.0 0.5 verse
1.0 1.0 1.0 0.0 verse
52.0 31.0 8.0 0.5 verse
20.0 31.0 8.0 0.25 verse
112.0 25.0 36.0 0.57 verse
147.0 20.0 32.0 0.36 verse
17.0 24.0 4.0 0.25 verse
19.0 25.0 6.0 0.5 verse
21.0 37.0 20.0 0.5 verse
17.0 28.0 7.0 0.5 verse
22.0 29.0 5.0 0.25 verse
196.0 29.0 51.0 0.42 verse
74.0 23.0 19.0 0.28 verse
244.0 38.0 52.0 0.19 verse
1.0 1.0 0.0 0.0 verse
23.0 14.0 11.0 0.67 verse
17.0 24.0 3.0 0.5 verse
35.0 27.0 9.0 0.57 verse
24.0 28.0 8.0 0.5 verse
17.0 13.0 5.0 0.29 verse
23.0 31.0 5.0 0.0 verse
150.0 41.0 40.0 0.41 verse
14.0 20.0 4.0 0.6 verse
68.0 26.0 18.0 0.31 verse
20.0 30.0 7.0 0.0 verse
25.0 26.0 10.0 0.4 verse
155.0 25.0 33.0 0.47 verse
17.0 26.0 6.0 0.25 verse
17.0 23.0 3.0 0.5 verse
11.0 17.0 4.0 0.5 verse
15.0 25.0 3.0 0.5 verse
23.0 25.0 3.0 0.0 verse
21.0 27.0 10.0 0.25 verse
30.0 35.0 5.0 0.5 verse
21.0 20.0 3.0 0.17 verse
16.0 22.0 4.0 0.25 verse
136.0 28.0 47.0 0.44 verse
23.0 29.0 8.0 0.5 verse
21.0 32.0 4.0 0.25 verse
28.0 34.0 9.0 0.5 verse
18.0 14.0 6.0 0.33 verse
19.0 25.0 4.0 0.25 verse
24.0 17.0 8.0 0.29 verse
22.0 29.0 7.0 0.25 verse
59.0 18.0 17.0 0.33 verse
17.0 23.0 5.0 0.25 verse
21.0 23.0 7.0 0.4 verse
48.0 18.0 9.0 0.2 verse
160.0 29.0 49.0 0.46 verse
33.0 12.0 15.0 0.2 verse
19.0 30.0 6.0 0.0 verse
24.0 24.0 10.0 0.2 verse
20.0 17.0 8.0 0.0 verse
33.0 14.0 8.0 0.08 verse
23.0 30.0 5.0 0.5 verse
14.0 24.0 4.0 0.0 verse
218.0 24.0 53.0 0.42 verse
160.0 32.0 39.0 0.46 verse
18.0 25.0 5.0 0.5 verse
20.0 28.0 3.0 0.5 verse
16.0 22.0 4.0 0.5 verse
182.0 28.0 47.0 0.53 verse
15.0 23.0 4.0 0.0 verse
25.0 31.0 7.0 0.5 verse
18.0 22.0 4.0 0.5 verse
18.0 22.0 4.0 0.5 verse
27.0 29.0 6.0 0.25 verse
21.0 27.0 4.0 0.5 verse
30.0 33.0 15.0 0.0 verse
23.0 27.0 10.0 0.0 verse
46.0 17.0 15.0 0.2 verse
31.0 31.0 6.0 0.5 verse
22.0 30.0 5.0 0.25 verse
97.0 31.0 46.0 0.41 verse
18.0 24.0 8.0 0.5 verse
20.0 25.0 5.0 0.25 verse
71.0 28.0 16.0 0.33 verse
58.0 17.0 15.0 0.33 verse
16.0 24.0 4.0 0.5 verse
32.0 28.0 11.0 0.33 verse
49.0 20.0 11.0 0.54 verse
15.0 27.0 1.0 0.0 verse
12.0 20.0 4.0 0.0 verse
20.0 29.0 5.0 0.5 verse
24.0 30.0 3.0 0.6 verse
178.0 29.0 39.0 0.47 verse
99.0 31.0 39.0 0.53 verse
22.0 22.0 8.0 0.0 verse
151.0 28.0 41.0 0.39 verse
603.0 33.0 102.0 0.49 verse
47.0 33.0 16.0 0.13 verse
20.0 25.0 7.0 0.25 verse
284.0 33.0 60.0 0.54 verse
96.0 29.0 22.0 0.5 verse
145.0 28.0 32.0 0.38 verse
113.0 25.0 30.0 0.38 verse
195.0 29.0 53.0 0.44 verse
173.0 29.0 50.0 0.47 verse
150.0 32.0 39.0 0.42 verse
292.0 26.0 65.0 0.54 verse
172.0 33.0 37.0 0.44 verse
124.0 31.0 33.0 0.43 verse
18.0 27.0 7.0 0.5 verse
40.0 20.0 20.0 0.08 verse
952.0 22.0 235.0 0.48 verse
14.0 31.0 3.0 0.0 verse
226.0 20.0 78.0 0.45 verse
532.0 30.0 146.0 0.49 verse
162.0 30.0 43.0 0.45 verse
76.0 25.0 33.0 0.25 verse
76.0 24.0 30.0 0.47 verse
235.0 26.0 56.0 0.43 verse
237.0 30.0 66.0 0.49 verse
188.0 28.0 53.0 0.5 verse
184.0 29.0 53.0 0.38 verse
152.0 27.0 48.0 0.5 verse
94.0 22.0 20.0 0.68 verse
14.0 23.0 2.0 0.25 verse
33.0 35.0 13.0 0.33 verse
449.0 24.0 105.0 0.39 verse
322.0 24.0 80.0 0.18 verse
255.0 28.0 65.0 0.5 verse
78.0 25.0 33.0 0.35 verse
72.0 27.0 15.0 0.5 verse
32.0 39.0 9.0 0.5 verse
243.0 27.0 66.0 0.4 verse
397.0 25.0 85.0 0.52 verse
159.0 34.0 48.0 0.42 verse
216.0 27.0 61.0 0.38 verse
195.0 28.0 65.0 0.39 verse
11.0 35.0 4.0 0.0 verse
58.0 30.0 17.0 0.4 verse
121.0 28.0 36.0 0.45 verse
303.0 27.0 87.0 0.41 verse
248.0 28.0 64.0 0.4 verse
101.0 16.0 33.0 0.33 verse
495.0 25.0 115.0 0.48 verse
165.0 30.0 40.0 0.55 verse
147.0 26.0 41.0 0.52 verse
175.0 24.0 47.0 0.45 verse
275.0 25.0 64.0 0.35 verse
227.0 26.0 60.0 0.41 verse
206.0 25.0 61.0 0.37 verse
702.0 26.0 162.0 0.53 verse
943.0 25.0 247.0 0.44 verse
15.0 105.0 8.0 0.0 verse
15.0 20.0 4.0 0.2 verse
146.0 31.0 53.0 0.52 verse
707.0 25.0 178.0 0.34 verse
275.0 28.0 80.0 0.45 verse
138.0 26.0 36.0 0.41 verse
232.0 29.0 54.0 0.39 verse
186.0 30.0 49.0 0.36 verse
258.0 30.0 64.0 0.45 verse
50.0 31.0 22.0 0.44 verse
187.0 31.0 52.0 0.4 verse
248.0 29.0 56.0 0.45 verse
23.0 31.0 4.0 0.5 verse
77.0 21.0 28.0 0.53 verse
95.0 32.0 29.0 0.47 verse
128.0 31.0 75.0 0.35 verse
140.0 28.0 44.0 0.48 verse
471.0 29.0 162.0 0.44 verse
222.0 47.0 49.0 0.07 verse
411.0 25.0 103.0 0.44 verse
225.0 27.0 55.0 0.41 verse
46.0 33.0 7.0 0.43 verse
72.0 27.0 17.0 0.29 verse
81.0 31.0 16.0 0.33 verse
22.0 32.0 5.0 0.25 verse
165.0 28.0 46.0 0.38 verse
114.0 29.0 31.0 0.35 verse
246.0 22.0 69.0 0.51 verse
293.0 29.0 76.0 0.4 verse
53.0 15.0 12.0 0.53 verse
158.0 29.0 42.0 0.4 verse
87.0 25.0 23.0 0.44 verse
240.0 32.0 58.0 0.47 verse
39.0 22.0 18.0 0.11 verse
162.0 27.0 40.0 0.39 verse
22.0 27.0 7.0 0.5 verse
28.0 18.0 20.0 0.11 verse
186.0 36.0 44.0 0.46 verse
22.0 30.0 4.0 0.25 verse
27.0 38.0 3.0 0.25 verse
612.0 28.0 148.0 0.48 verse
107.0 31.0 31.0 0.37 verse
33.0 35.0 11.0 0.5 verse
30.0 35.0 11.0 0.5 verse
31.0 36.0 6.0 0.5 verse
20.0 34.0 3.0 0.5 verse
23.0 31.0 5.0 0.5 verse
25.0 31.0 8.0 0.5 verse
22.0 31.0 6.0 0.5 verse
24.0 35.0 7.0 0.5 verse
30.0 41.0 5.0 0.5 verse
25.0 34.0 8.0 0.5 verse
54.0 35.0 16.0 0.44 verse
28.0 36.0 8.0 0.25 verse
24.0 33.0 9.0 0.5 verse
28.0 36.0 7.0 0.5 verse
23.0 36.0 10.0 0.5 verse
21.0 28.0 5.0 0.0 verse
34.0 39.0 9.0 0.25 verse
25.0 36.0 6.0 0.5 verse
26.0 33.0 10.0 0.5 verse
30.0 38.0 11.0 0.5 verse
34.0 41.0 7.0 0.5 verse
24.0 34.0 5.0 0.5 verse
169.0 29.0 47.0 0.45 verse
23.0 35.0 5.0 0.5 verse
26.0 36.0 5.0 0.5 verse
30.0 35.0 7.0 0.5 verse
21.0 27.0 5.0 0.5 verse
20.0 31.0 9.0 0.5 verse
30.0 36.0 5.0 0.25 verse
29.0 40.0 7.0 0.5 verse
26.0 39.0 5.0 0.5 verse
26.0 31.0 4.0 0.5 verse
23.0 38.0 8.0 0.5 verse
23.0 37.0 7.0 0.5 verse
51.0 28.0 14.0 0.4 verse
25.0 34.0 8.0 0.5 verse
26.0 35.0 8.0 0.5 verse
20.0 16.0 7.0 0.0 verse
22.0 37.0 6.0 0.5 verse
31.0 37.0 6.0 0.5 verse
28.0 36.0 6.0 0.5 verse
191.0 30.0 49.0 0.26 verse
29.0 40.0 10.0 0.5 verse
32.0 37.0 9.0 0.5 verse
28.0 39.0 5.0 0.5 verse
32.0 39.0 9.0 0.5 verse
200.0 30.0 61.0 0.52 verse
28.0 37.0 8.0 0.25 verse
91.0 28.0 26.0 0.56 verse
28.0 41.0 6.0 0.5 verse
30.0 38.0 9.0 0.5 verse
21.0 32.0 4.0 0.5 verse
28.0 34.0 4.0 0.0 verse
23.0 35.0 5.0 0.5 verse
27.0 30.0 6.0 0.5 verse
31.0 37.0 6.0 0.25 verse
30.0 38.0 7.0 0.5 verse
25.0 33.0 9.0 0.5 verse
206.0 29.0 71.0 0.49 verse
19.0 29.0 5.0 0.5 verse
24.0 41.0 6.0 0.0 verse
31.0 42.0 8.0 0.5 verse
25.0 35.0 5.0 0.5 verse
27.0 32.0 9.0 0.5 verse
28.0 38.0 6.0 0.5 verse
31.0 38.0 5.0 0.25 verse
27.0 36.0 5.0 0.5 verse
30.0 40.0 4.0 0.5 verse
33.0 39.0 10.0 0.5 verse
22.0 32.0 6.0 0.5 verse
21.0 30.0 10.0 0.25 verse
113.0 29.0 35.0 0.48 verse
29.0 39.0 4.0 0.5 verse
29.0 39.0 6.0 0.5 verse
31.0 35.0 7.0 0.5 verse
25.0 36.0 9.0 0.5 verse
31.0 38.0 9.0 0.5 verse
25.0 38.0 7.0 0.5 verse
32.0 38.0 9.0 0.5 verse
29.0 40.0 9.0 0.25 verse
28.0 36.0 4.0 0.5 verse
19.0 23.0 8.0 0.25 verse
21.0 32.0 8.0 0.5 verse
118.0 27.0 32.0 0.39 verse
28.0 33.0 6.0 0.5 verse
24.0 37.0 8.0 0.5 verse
19.0 26.0 8.0 0.25 verse
24.0 35.0 7.0 0.5 verse
26.0 37.0 9.0 0.5 verse
22.0 36.0 7.0 0.5 verse
26.0 36.0 7.0 0.5 verse
26.0 30.0 10.0 0.5 verse
19.0 12.0 8.0 0.3 verse
29.0 36.0 5.0 0.5 verse
35.0 45.0 9.0 0.5 verse
34.0 40.0 13.0 0.5 verse
45.0 31.0 12.0 0.25 verse
23.0 37.0 6.0 0.5 verse
25.0 37.0 10.0 0.5 verse
25.0 37.0 7.0 0.5 verse
22.0 34.0 4.0 0.5 verse
23.0 35.0 5.0 0.5 verse
33.0 35.0 9.0 0.0 verse
24.0 28.0 5.0 0.5 verse
17.0 23.0 3.0 0.0 verse
21.0 34.0 4.0 0.25 verse
25.0 36.0 5.0 0.5 verse
19.0 25.0 6.0 0.25 verse
25.0 32.0 4.0 0.25 verse
25.0 35.0 5.0 0.5 verse
26.0 33.0 6.0 0.5 verse
24.0 35.0 6.0 0.5 verse
30.0 37.0 6.0 0.5 verse
26.0 36.0 5.0 0.5 verse
32.0 36.0 15.0 0.5 verse
28.0 38.0 8.0 0.0 verse
26.0 35.0 6.0 0.5 verse
26.0 37.0 4.0 0.5 verse
22.0 32.0 5.0 0.5 verse
23.0 31.0 6.0 0.5 verse
128.0 30.0 37.0 0.46 verse
192.0 28.0 62.0 0.5 verse
28.0 35.0 9.0 0.5 verse
31.0 37.0 11.0 0.5 verse
30.0 39.0 7.0 0.5 verse
30.0 40.0 8.0 0.25 verse
404.0 31.0 105.0 0.42 verse
24.0 31.0 4.0 0.25 verse
28.0 37.0 8.0 0.5 verse
36.0 48.0 9.0 0.5 verse
26.0 32.0 7.0 0.5 verse
31.0 38.0 12.0 0.5 verse
20.0 30.0 6.0 0.5 verse
167.0 29.0 45.0 0.47 verse
18.0 28.0 5.0 0.5 verse
28.0 36.0 7.0 0.5 verse
23.0 32.0 7.0 0.5 verse
18.0 24.0 5.0 0.5 verse
28.0 33.0 8.0 0.5 verse
26.0 37.0 8.0 0.5 verse
27.0 38.0 8.0 0.5 verse
24.0 38.0 7.0 0.5 verse
24.0 35.0 7.0 0.0 verse
32.0 36.0 9.0 0.5 verse
25.0 37.0 6.0 0.5 verse
185.0 28.0 41.0 0.49 verse
29.0 37.0 7.0 0.5 verse
41.0 37.0 9.0 0.33 verse
23.0 31.0 3.0 0.5 verse
31.0 40.0 10.0 0.5 verse
28.0 34.0 6.0 0.5 verse
30.0 38.0 8.0 0.0 verse
25.0 38.0 6.0 0.5 verse
24.0 37.0 8.0 0.5 verse
23.0 31.0 8.0 0.5 verse
44.0 50.0 11.0 0.5 verse
30.0 37.0 6.0 0.5 verse
58.0 29.0 15.0 0.36 verse
22.0 34.0 8.0 0.5 verse
24.0 32.0 8.0 0.25 verse
30.0 38.0 10.0 0.5 verse
26.0 36.0 9.0 0.5 verse
24.0 37.0 6.0 0.5 verse
23.0 34.0 3.0 0.5 verse
51.0 21.0 16.0 0.33 verse
31.0 38.0 9.0 0.5 verse
27.0 36.0 8.0 0.5 verse
27.0 38.0 6.0 0.25 verse
24.0 35.0 5.0 0.5 verse
21.0 37.0 5.0 0.0 verse
234.0 31.0 51.0 0.41 verse
25.0 36.0 7.0 0.5 verse
28.0 36.0 10.0 0.5 verse
25.0 37.0 5.0 0.0 verse
34.0 40.0 10.0 0.5 verse
33.0 38.0 10.0 0.5 verse
28.0 34.0 8.0 0.5 verse
28.0 36.0 8.0 0.5 verse
27.0 33.0 8.0 0.5 verse
26.0 37.0 11.0 0.25 verse
29.0 37.0 8.0 0.5 verse
51.0 18.0 12.0 0.31 verse
187.0 27.0 48.0 0.53 verse
27.0 34.0 5.0 0.25 verse
28.0 37.0 9.0 0.25 verse
28.0 36.0 5.0 0.5 verse
28.0 38.0 7.0 0.25 verse
23.0 34.0 6.0 0.5 verse
29.0 37.0 8.0 0.5 verse
25.0 37.0 7.0 0.5 verse
20.0 25.0 6.0 0.5 verse
22.0 30.0 8.0 0.5 verse
171.0 29.0 34.0 0.31 verse
29.0 33.0 10.0 0.5 verse
528.0 30.0 127.0 0.53 verse
31.0 38.0 6.0 0.5 verse
34.0 39.0 11.0 0.5 verse
30.0 34.0 8.0 0.5 verse
34.0 52.0 8.0 0.5 verse
25.0 37.0 7.0 0.0 verse
26.0 36.0 7.0 0.5 verse
13.0 19.0 3.0 0.25 verse
27.0 35.0 6.0 0.5 verse
38.0 46.0 11.0 0.5 verse
22.0 30.0 3.0 0.5 verse
23.0 40.0 8.0 0.0 verse
26.0 39.0 6.0 0.5 verse
22.0 18.0 6.0 0.33 verse
30.0 40.0 8.0 0.5 verse
29.0 37.0 6.0 0.5 verse
23.0 35.0 6.0 0.5 verse
39.0 41.0 10.0 0.5 verse
29.0 41.0 11.0 0.5 verse
25.0 33.0 5.0 0.5 verse
26.0 36.0 6.0 0.5 verse
21.0 23.0 11.0 0.5 verse
23.0 29.0 8.0 0.5 verse
24.0 35.0 9.0 0.5 verse
25.0 34.0 10.0 0.5 verse
86.0 31.0 18.0 0.4 verse
23.0 32.0 3.0 0.5 verse
27.0 36.0 5.0 0.5 verse
27.0 35.0 7.0 0.5 verse
26.0 35.0 6.0 0.5 verse
28.0 36.0 5.0 0.5 verse
23.0 31.0 5.0 0.5 verse
31.0 13.0 12.0 0.25 verse
29.0 40.0 6.0 0.5 verse
24.0 35.0 10.0 0.5 verse
38.0 49.0 9.0 0.5 verse
27.0 37.0 8.0 0.5 verse
272.0 29.0 74.0 0.5 verse
26.0 35.0 11.0 0.5 verse
26.0 33.0 5.0 0.5 verse
25.0 36.0 5.0 0.5 verse
28.0 33.0 6.0 0.5 verse
24.0 37.0 7.0 0.5 verse
23.0 32.0 5.0 0.0 verse
29.0 40.0 6.0 0.5 verse
30.0 37.0 10.0 0.5 verse
26.0 37.0 7.0 0.5 verse
24.0 36.0 7.0 0.5 verse
24.0 37.0 6.0 0.5 verse
125.0 31.0 33.0 0.29 verse
188.0 28.0 51.0 0.42 verse
30.0 36.0 7.0 0.5 verse
42.0 31.0 11.0 0.38 verse
20.0 27.0 6.0 0.25 verse
19.0 29.0 5.0 0.25 verse
36.0 24.0 10.0 0.25 verse
60.0 36.0 23.0 0.44 verse
49.0 30.0 8.0 0.63 verse
50.0 31.0 10.0 0.5 verse
23.0 29.0 5.0 0.5 verse
18.0 26.0 5.0 0.5 verse
2.0 11.0 0.0 0.0 verse
177.0 31.0 50.0 0.48 verse
17.0 42.0 1.0 0.0 verse
21.0 29.0 5.0 0.5 verse
14.0 21.0 3.0 0.5 verse
36.0 26.0 11.0 0.33 verse
15.0 12.0 8.0 0.17 verse
22.0 35.0 3.0 0.0 verse
37.0 11.0 14.0 0.53 verse
38.0 24.0 8.0 0.5 verse
17.0 28.0 4.0 0.5 verse
105.0 38.0 22.0 0.38 verse
177.0 24.0 43.0 0.57 verse
616.0 33.0 178.0 0.41 verse
189.0 24.0 50.0 0.51 verse
87.0 23.0 20.0 0.5 verse
243.0 24.0 64.0 0.51 verse
16.0 25.0 4.0 0.5 verse
1.0 1.0 0.0 0.0 verse
18.0 24.0 3.0 0.5 verse
37.0 25.0 16.0 0.38 verse
19.0 26.0 7.0 0.5 verse
13.0 37.0 2.0 0.0 verse
71.0 24.0 14.0 0.4 verse
24.0 35.0 3.0 0.5 verse
141.0 31.0 58.0 0.5 verse
17.0 24.0 6.0 0.5 verse
35.0 18.0 14.0 0.58 verse
18.0 23.0 6.0 0.5 verse
49.0 22.0 8.0 0.58 verse
23.0 17.0 4.0 0.38 verse
43.0 24.0 10.0 0.36 verse
157.0 35.0 36.0 0.46 verse
26.0 21.0 11.0 0.25 verse
49.0 24.0 12.0 0.42 verse
27.0 23.0 6.0 0.43 verse
31.0 29.0 8.0 0.33 verse
48.0 30.0 11.0 0.38 verse
216.0 31.0 58.0 0.48 verse
76.0 35.0 22.0 0.33 verse
119.0 24.0 26.0 0.14 verse
40.0 21.0 6.0 0.0 verse
17.0 14.0 6.0 0.57 verse
21.0 26.0 11.0 0.25 verse
8.0 32.0 14.0 0.0 verse
92.0 25.0 21.0 0.5 verse
34.0 23.0 8.0 0.6 verse
118.0 25.0 33.0 0.52 verse
18.0 32.0 4.0 0.5 verse
20.0 15.0 13.0 0.63 verse
186.0 31.0 74.0 0.48 verse
20.0 26.0 4.0 0.5 verse
24.0 33.0 8.0 0.25 verse
15.0 22.0 5.0 0.5 verse
58.0 24.0 8.0 0.5 verse
26.0 24.0 4.0 0.5 verse
19.0 21.0 3.0 0.5 verse
44.0 28.0 9.0 0.5 verse
56.0 25.0 44.0 0.29 verse
17.0 26.0 6.0 0.0 verse
1.0 1.0 0.0 0.0 verse
20.0 19.0 9.0 0.5 verse
54.0 21.0 11.0 0.43 verse
92.0 25.0 24.0 0.44 verse
36.0 25.0 6.0 0.5 verse
25.0 26.0 3.0 0.5 verse
25.0 27.0 9.0 0.5 verse
41.0 24.0 10.0 0.56 verse
49.0 24.0 14.0 0.67 verse
18.0 16.0 12.0 0.5 verse
78.0 31.0 22.0 0.47 verse
22.0 34.0 7.0 0.5 verse
42.0 25.0 6.0 0.6 verse
27.0 37.0 6.0 0.5 verse
18.0 35.0 5.0 0.33 verse
184.0 27.0 58.0 0.43 verse
28.0 25.0 6.0 0.43 verse
113.0 24.0 25.0 0.21 verse
17.0 27.0 3.0 0.5 verse
34.0 23.0 7.0 0.38 verse
435.0 24.0 151.0 0.39 verse
60.0 23.0 15.0 0.43 verse
25.0 25.0 6.0 0.5 verse
16.0 28.0 5.0 0.33 verse
17.0 25.0 6.0 0.5 verse
15.0 22.0 3.0 0.5 verse
15.0 25.0 5.0 0.5 verse
188.0 27.0 78.0 0.47 verse
17.0 19.0 1.0 0.0 verse
52.0 46.0 12.0 0.0 verse
8.0 23.0 1.0 0.0 verse
26.0 22.0 5.0 0.33 verse
37.0 25.0 7.0 0.5 verse
252.0 30.0 64.0 0.35 verse
49.0 27.0 42.0 0.33 verse
67.0 26.0 41.0 0.31 verse
17.0 24.0 4.0 0.5 verse
44.0 37.0 11.0 0.43 verse
94.0 24.0 24.0 0.48 verse
207.0 31.0 41.0 0.5 verse
4.0 33.0 6.0 0.0 verse
67.0 26.0 18.0 0.31 verse
35.0 25.0 11.0 0.38 verse
8.0 19.0 4.0 0.0 verse
22.0 20.0 5.0 0.2 verse
39.0 38.0 13.0 0.33 verse
51.0 36.0 28.0 0.0 verse
39.0 19.0 12.0 0.5 verse
30.0 21.0 9.0 0.5 verse
31.0 24.0 8.0 0.29 verse
91.0 25.0 65.0 0.5 verse
463.0 32.0 133.0 0.42 verse
310.0 30.0 78.0 0.44 verse
12.0 46.0 5.0 0.0 verse
35.0 24.0 8.0 0.63 verse
34.0 14.0 16.0 0.17 verse
10.0 13.0 2.0 0.5 verse
139.0 44.0 39.0 0.06 verse
79.0 26.0 16.0 0.07 verse
16.0 25.0 2.0 0.5 verse
38.0 26.0 10.0 0.5 verse
8.0 12.0 2.0 0.5 verse
23.0 22.0 6.0 0.33 verse
14.0 25.0 2.0 0.5 verse
226.0 32.0 53.0 0.51 verse
173.0 31.0 48.0 0.53 verse
15.0 22.0 4.0 0.25 verse
16.0 26.0 4.0 0.25 verse
30.0 22.0 10.0 0.33 verse
50.0 24.0 13.0 0.42 verse
32.0 22.0 11.0 0.25 verse
18.0 22.0 5.0 0.25 verse
32.0 25.0 8.0 0.63 verse
81.0 30.0 15.0 0.5 verse
18.0 22.0 4.0 0.5 verse
43.0 31.0 10.0 0.38 verse
23.0 24.0 4.0 0.4 verse
20.0 19.0 4.0 0.17 verse
33.0 28.0 9.0 0.63 verse
18.0 24.0 6.0 0.5 verse
15.0 23.0 5.0 0.5 verse
17.0 17.0 20.0 0.4 verse
45.0 22.0 12.0 0.54 verse
46.0 25.0 43.0 0.38 verse
26.0 20.0 9.0 0.5 verse
33.0 24.0 9.0 0.5 verse
52.0 29.0 15.0 0.2 verse
13.0 17.0 5.0 0.5 verse
25.0 33.0 6.0 0.5 verse
10.0 26.0 2.0 0.0 verse
82.0 25.0 18.0 0.44 verse
251.0 23.0 58.0 0.5 verse
116.0 27.0 27.0 0.25 verse
147.0 31.0 41.0 0.54 verse
290.0 34.0 81.0 0.45 verse
53.0 40.0 33.0 0.25 verse
87.0 24.0 15.0 0.55 verse
167.0 32.0 35.0 0.5 verse
29.0 35.0 8.0 0.33 verse
200.0 31.0 52.0 0.45 verse
57.0 29.0 12.0 0.42 verse
100.0 25.0 31.0 0.55 verse
31.0 31.0 7.0 0.17 verse
50.0 23.0 16.0 0.5 verse
1.0 16.0 6.0 0.0 verse
64.0 24.0 13.0 0.56 verse
40.0 36.0 13.0 0.0 verse
135.0 30.0 25.0 0.54 verse
67.0 23.0 12.0 0.56 verse
25.0 22.0 5.0 0.57 verse
22.0 32.0 4.0 0.25 verse
17.0 27.0 3.0 0.25 verse
31.0 22.0 11.0 0.25 verse
200.0 18.0 43.0 0.47 verse
89.0 26.0 25.0 0.28 verse
87.0 23.0 22.0 0.5 verse
16.0 23.0 4.0 0.25 verse
65.0 34.0 19.0 0.45 verse
126.0 24.0 30.0 0.48 verse
163.0 21.0 43.0 0.53 verse
21.0 23.0 10.0 0.25 verse
19.0 26.0 4.0 0.5 verse
36.0 25.0 6.0 0.63 verse
11.0 28.0 0.0 0.0 verse
83.0 23.0 18.0 0.68 verse
69.0 24.0 14.0 0.38 verse
76.0 27.0 38.0 0.4 verse
67.0 24.0 17.0 0.43 verse
17.0 23.0 5.0 0.5 verse
18.0 26.0 4.0 0.25 verse
45.0 33.0 10.0 0.38 verse
32.0 20.0 28.0 0.44 verse
58.0 35.0 16.0 0.5 verse
19.0 25.0 8.0 0.0 verse
15.0 22.0 3.0 0.5 verse
21.0 14.0 6.0 0.57 verse
16.0 24.0 5.0 0.5 verse
130.0 24.0 33.0 0.57 verse
168.0 29.0 51.0 0.5 verse
139.0 29.0 30.0 0.48 verse
95.0 23.0 24.0 0.54 verse
32.0 22.0 9.0 0.5 verse
5.0 21.0 2.0 0.0 verse
43.0 35.0 13.0 0.63 verse
27.0 35.0 8.0 0.5 verse
112.0 24.0 30.0 0.38 verse
34.0 31.0 9.0 0.33 verse
33.0 25.0 5.0 0.63 verse
50.0 24.0 9.0 0.58 verse
29.0 25.0 10.0 0.5 verse
114.0 32.0 30.0 0.44 verse
1.0 1.0 1.0 0.0 verse
100.0 30.0 22.0 0.4 verse
17.0 23.0 7.0 0.5 verse
59.0 33.0 11.0 0.3 verse
19.0 24.0 3.0 0.5 verse
36.0 37.0 11.0 0.33 verse
22.0 23.0 6.0 0.5 verse
92.0 31.0 27.0 0.33 verse
21.0 26.0 6.0 0.25 verse
14.0 25.0 5.0 0.5 verse
16.0 22.0 5.0 0.5 verse
59.0 25.0 17.0 0.33 verse
31.0 22.0 8.0 0.38 verse
20.0 27.0 5.0 0.5 verse
6.0 17.0 3.0 0.0 verse
30.0 32.0 8.0 0.5 verse
36.0 31.0 9.0 0.0 verse
63.0 24.0 18.0 0.47 verse
72.0 23.0 21.0 0.53 verse
1.0 1.0 0.0 0.0 verse
30.0 19.0 14.0 0.38 verse
16.0 23.0 7.0 0.25 verse
27.0 21.0 4.0 0.5 verse
202.0 32.0 54.0 0.54 verse
42.0 24.0 9.0 0.25 verse
23.0 20.0 3.0 0.33 verse
18.0 27.0 6.0 0.25 verse
18.0 38.0 28.0 0.25 verse
12.0 16.0 4.0 0.6 verse
31.0 19.0 8.0 0.6 verse
15.0 23.0 3.0 0.25 verse
18.0 28.0 5.0 0.5 verse
4.0 44.0 36.0 0.25 verse
13.0 10.0 6.0 0.38 verse
4.0 29.0 7.0 0.0 verse
16.0 22.0 5.0 0.25 verse
96.0 35.0 20.0 0.5 verse
20.0 30.0 4.0 0.0 verse
21.0 25.0 7.0 0.25 verse
20.0 32.0 5.0 0.0 verse
11.0 38.0 3.0 0.0 verse
26.0 19.0 5.0 0.5 verse
14.0 20.0 2.0 0.5 verse
12.0 31.0 3.0 0.0 verse
36.0 40.0 6.0 0.0 verse
15.0 20.0 5.0 0.5 verse
19.0 24.0 5.0 0.5 verse
4.0 40.0 5.0 0.0 verse
17.0 21.0 4.0 0.25 verse
1335.0 24.0 366.0 0.44 verse
18.0 26.0 5.0 0.5 verse
15.0 18.0 3.0 0.5 verse
11.0 25.0 5.0 0.0 verse
17.0 24.0 4.0 0.5 verse
15.0 18.0 3.0 0.5 verse
20.0 26.0 5.0 0.5 verse
16.0 22.0 5.0 0.25 verse
24.0 34.0 7.0 0.5 verse
15.0 18.0 4.0 0.25 verse
20.0 25.0 5.0 0.5 verse
14.0 11.0 6.0 0.14 verse
301.0 24.0 81.0 0.49 verse
2.0 35.0 19.0 0.0 verse
15.0 20.0 2.0 0.25 verse
19.0 28.0 3.0 0.5 verse
16.0 22.0 5.0 0.5 verse
21.0 30.0 4.0 0.25 verse
17.0 8.0 5.0 0.4 verse
9.0 25.0 3.0 0.0 verse
61.0 15.0 33.0 0.33 verse
20.0 20.0 3.0 0.4 verse
275.0 32.0 68.0 0.41 verse
6.0 20.0 1.0 0.0 verse
12.0 20.0 4.0 0.0 verse
108.0 23.0 27.0 0.43 verse
22.0 30.0 5.0 0.5 verse
7.0 25.0 1.0 0.0 verse
11.0 18.0 3.0 0.25 verse
24.0 31.0 6.0 0.5 verse
20.0 26.0 7.0 0.5 verse
14.0 18.0 4.0 0.25 verse
14.0 19.0 5.0 0.25 verse
25.0 26.0 6.0 0.2 verse
54.0 15.0 18.0 0.3 verse
14.0 24.0 3.0 0.5 verse
21.0 25.0 5.0 0.25 verse
261.0 22.0 71.0 0.46 verse
18.0 29.0 6.0 0.25 verse
20.0 31.0 8.0 0.25 verse
17.0 24.0 2.0 0.25 verse
1.0 20.0 5.0 0.0 verse
10.0 18.0 2.0 0.0 verse
5.0 14.0 2.0 0.0 verse
15.0 23.0 7.0 0.25 verse
23.0 30.0 6.0 0.5 verse
51.0 17.0 14.0 0.69 verse
15.0 16.0 2.0 0.5 verse
14.0 8.0 2.0 0.25 verse
1102.0 25.0 254.0 0.44 verse
17.0 20.0 2.0 0.5 verse
17.0 22.0 4.0 0.5 verse
18.0 19.0 2.0 0.25 verse
11.0 29.0 6.0 0.0 verse
21.0 29.0 8.0 0.25 verse
19.0 25.0 5.0 0.25 verse
11.0 19.0 4.0 0.25 verse
10.0 11.0 1.0 0.17 verse
20.0 24.0 6.0 0.0 verse
20.0 32.0 5.0 0.25 verse
17.0 20.0 4.0 0.25 verse
283.0 30.0 62.0 0.46 verse
21.0 29.0 6.0 0.0 verse
22.0 30.0 3.0 0.5 verse
18.0 26.0 5.0 0.25 verse
14.0 22.0 4.0 0.25 verse
142.0 25.0 38.0 0.46 verse
21.0 29.0 7.0 0.25 verse
23.0 30.0 7.0 0.25 verse
27.0 37.0 7.0 0.0 verse
13.0 20.0 4.0 0.25 verse
25.0 18.0 12.0 0.38 verse
15.0 22.0 4.0 0.5 verse
183.0 26.0 72.0 0.43 verse
16.0 31.0 3.0 0.0 verse
25.0 25.0 6.0 0.17 verse
21.0 32.0 3.0 0.0 verse
23.0 27.0 4.0 0.5 verse
20.0 31.0 10.0 0.25 verse
28.0 20.0 7.0 0.33 verse
19.0 27.0 2.0 0.25 verse
18.0 26.0 4.0 0.5 verse
9.0 11.0 2.0 0.5 verse
2.0 28.0 5.0 0.0 verse
33.0 19.0 9.0 0.44 verse
185.0 29.0 45.0 0.47 verse
14.0 13.0 6.0 0.5 verse
19.0 25.0 5.0 0.5 verse
18.0 28.0 10.0 0.5 verse
22.0 21.0 12.0 0.5 verse
16.0 25.0 4.0 0.25 verse
4.0 17.0 3.0 0.0 verse
20.0 26.0 6.0 0.25 verse
15.0 23.0 2.0 0.5 verse
15.0 24.0 3.0 0.25 verse
15.0 19.0 3.0 0.25 verse
31.0 25.0 9.0 0.38 verse
143.0 31.0 39.0 0.3 verse
279.0 32.0 67.0 0.4 verse
1.0 1.0 0.0 0.0 verse
19.0 26.0 6.0 0.5 verse
9.0 13.0 5.0 0.25 verse
20.0 27.0 8.0 0.5 verse
14.0 24.0 5.0 0.5 verse
21.0 14.0 5.0 0.29 verse
10.0 7.0 2.0 0.25 verse
1.0 1.0 0.0 0.0 verse
18.0 23.0 4.0 0.5 verse
14.0 20.0 4.0 0.5 verse
23.0 34.0 4.0 0.25 verse
21.0 21.0 7.0 0.5 verse
68.0 15.0 17.0 0.52 verse
18.0 26.0 7.0 0.5 verse
19.0 20.0 10.0 0.0 verse
15.0 6.0 7.0 0.42 verse
20.0 29.0 4.0 0.25 verse
20.0 30.0 5.0 0.5 verse
27.0 32.0 4.0 0.5 verse
15.0 19.0 5.0 0.5 verse
18.0 29.0 3.0 0.5 verse
17.0 20.0 3.0 0.25 verse
42.0 26.0 10.0 0.25 verse
24.0 30.0 9.0 0.5 verse
78.0 30.0 22.0 0.5 verse
15.0 23.0 4.0 0.5 verse
24.0 32.0 6.0 0.5 verse
20.0 27.0 6.0 0.5 verse
34.0 21.0 12.0 0.63 verse
331.0 21.0 92.0 0.38 verse
18.0 28.0 5.0 0.5 verse
18.0 27.0 4.0 0.25 verse
17.0 20.0 3.0 0.5 verse
20.0 30.0 4.0 0.5 verse
29.0 20.0 9.0 0.13 verse
18.0 25.0 3.0 0.5 verse
5.0 34.0 37.0 0.4 verse
185.0 25.0 43.0 0.42 verse
19.0 24.0 6.0 0.5 verse
18.0 24.0 4.0 0.5 verse
16.0 21.0 6.0 0.0 verse
132.0 20.0 39.0 0.46 verse
136.0 21.0 40.0 0.49 verse
13.0 21.0 3.0 0.25 verse
8.0 24.0 2.0 0.0 verse
123.0 26.0 37.0 0.42 verse
13.0 22.0 3.0 0.25 verse
9.0 7.0 5.0 0.63 verse
13.0 16.0 3.0 0.0 verse
203.0 27.0 55.0 0.43 verse
16.0 11.0 3.0 0.38 verse
22.0 25.0 3.0 0.25 verse
12.0 16.0 4.0 0.25 verse
25.0 33.0 7.0 0.25 verse
19.0 22.0 4.0 0.5 verse
12.0 22.0 1.0 0.5 verse
22.0 29.0 3.0 0.25 verse
25.0 13.0 8.0 0.3 verse
13.0 21.0 6.0 0.5 verse
12.0 20.0 3.0 0.5 verse
22.0 30.0 5.0 0.5 verse
115.0 29.0 44.0 0.57 verse
7.0 27.0 2.0 0.0 verse
19.0 28.0 5.0 0.5 verse
18.0 28.0 5.0 0.5 verse
61.0 20.0 14.0 0.4 verse
12.0 13.0 3.0 0.5 verse
20.0 27.0 5.0 0.0 verse
13.0 18.0 4.0 0.5 verse
11.0 22.0 2.0 0.0 verse
19.0 22.0 11.0 0.33 verse
13.0 18.0 2.0 0.5 verse
11.0 16.0 4.0 0.25 verse
169.0 33.0 35.0 0.44 verse
16.0 21.0 5.0 0.25 verse
19.0 29.0 5.0 0.25 verse
21.0 31.0 4.0 0.5 verse
21.0 30.0 4.0 0.5 verse
23.0 29.0 5.0 0.4 verse
6.0 15.0 3.0 0.0 verse
13.0 20.0 2.0 0.25 verse
12.0 16.0 2.0 0.25 verse
19.0 20.0 3.0 0.5 verse
24.0 25.0 9.0 0.5 verse
8.0 11.0 3.0 0.5 verse
176.0 28.0 46.0 0.47 verse
11.0 13.0 3.0 0.5 verse
16.0 23.0 4.0 0.25 verse
13.0 22.0 3.0 0.5 verse
63.0 15.0 21.0 0.09 verse
15.0 24.0 4.0 0.5 verse
19.0 13.0 6.0 0.25 verse
36.0 12.0 11.0 0.19 verse
14.0 18.0 3.0 0.5 verse
16.0 23.0 7.0 0.5 verse
17.0 20.0 3.0 0.5 verse
22.0 31.0 8.0 0.5 verse
310.0 27.0 77.0 0.21 verse
17.0 21.0 6.0 0.25 verse
14.0 20.0 8.0 0.25 verse
20.0 24.0 11.0 0.0 verse
88.0 22.0 33.0 0.6 verse
19.0 30.0 7.0 0.25 verse
26.0 36.0 4.0 0.0 verse
23.0 31.0 4.0 0.5 verse
20.0 22.0 5.0 0.5 verse
24.0 26.0 7.0 0.4 verse
19.0 28.0 5.0 0.25 verse
22.0 30.0 4.0 0.25 verse
199.0 28.0 61.0 0.42 verse
24.0 32.0 4.0 0.5 verse
16.0 19.0 5.0 0.5 verse
16.0 19.0 3.0 0.0 verse
21.0 29.0 4.0 0.25 verse
17.0 27.0 6.0 0.5 verse
59.0 9.0 21.0 0.35 verse
22.0 25.0 5.0 0.5 verse
15.0 23.0 6.0 0.25 verse
7.0 18.0 2.0 0.0 verse
18.0 29.0 5.0 0.5 verse
22.0 29.0 5.0 0.5 verse
96.0 29.0 40.0 0.35 verse
23.0 28.0 8.0 0.5 verse
139.0 26.0 33.0 0.43 verse
20.0 29.0 5.0 0.5 verse
129.0 10.0 50.0 0.13 verse
25.0 8.0 16.0 0.38 verse
126.0 12.0 74.0 0.19 verse
236.0 10.0 94.0 0.17 verse
7.0 34.0 1.0 0.0 verse
152.0 14.0 39.0 0.16 verse
3.0 6.0 2.0 0.0 verse
10.0 27.0 2.0 0.0 verse
39.0 35.0 8.0 0.5 verse
233.0 12.0 78.0 0.23 verse
210.0 28.0 58.0 0.33 verse
8.0 56.0 8.0 0.0 verse
585.0 20.0 35.0 0.23 verse
14.0 13.0 4.0 0.0 verse
11.0 87.0 8.0 0.0 verse
243.0 11.0 79.0 0.18 verse
135.0 10.0 39.0 0.24 verse
3.0 3.0 1.0 0.0 verse
21.0 35.0 7.0 0.25 verse
0.0 0.0 0.0 0.0 not_verse
0.0 0.0 0.0 0.0 not_verse
1897.0 14158.0 493.0 0.0 not_verse
260.0 299.0 65.0 0.17 not_verse
420.0 302.0 91.0 0.11 not_verse
253.0 260.0 47.0 0.14 not_verse
281.0 157.0 53.0 0.09 not_verse
489.0 460.0 81.0 0.29 not_verse
280.0 205.0 65.0 0.22 not_verse
33.0 58.0 4.0 0.25 not_verse
95.0 65.0 20.0 0.0 not_verse
270.0 149.0 46.0 0.08 not_verse
596.0 203.0 118.0 0.19 not_verse
519.0 42.0 187.0 0.09 not_verse
23.0 147.0 8.0 0.0 not_verse
331.0 166.0 54.0 0.0 not_verse
130.0 82.0 41.0 0.2 not_verse
231.0 91.0 55.0 0.29 not_verse
166.0 157.0 41.0 0.43 not_verse
103.0 244.0 25.0 0.0 not_verse
126.0 23.0 13.0 0.19 not_verse
297.0 184.0 75.0 0.18 not_verse
312.0 131.0 65.0 0.19 not_verse
65.0 433.0 12.0 0.0 not_verse
394.0 41.0 98.0 0.15 not_verse
111.0 134.0 19.0 0.5 not_verse
182.0 147.0 30.0 0.0 not_verse
63.0 145.0 14.0 0.0 not_verse
280.0 206.0 50.0 0.0 not_verse
68.0 96.0 19.0 0.2 not_verse
75.0 124.0 20.0 0.0 not_verse
639.0 112.0 159.0 0.14 not_verse
139.0 226.0 37.0 0.0 not_verse
425.0 235.0 74.0 0.15 not_verse
236.0 154.0 85.0 0.08 not_verse
2697.0 63.0 844.0 0.15 not_verse
409.0 93.0 71.0 0.3 not_verse
246.0 86.0 63.0 0.11 not_verse
89.0 81.0 17.0 0.0 not_verse
148.0 116.0 39.0 0.25 not_verse
225.0 201.0 53.0 0.0 not_verse
216.0 124.0 37.0 0.33 not_verse
274.0 273.0 52.0 0.0 not_verse
129.0 69.0 30.0 0.0 not_verse
302.0 317.0 52.0 0.17 not_verse
198.0 103.0 46.0 0.33 not_verse
2508.0 55.0 838.0 0.08 not_verse
55.0 120.0 16.0 0.0 not_verse
305.0 122.0 46.0 0.0 not_verse
324.0 302.0 68.0 0.14 not_verse
130.0 43.0 16.0 0.14 not_verse
109.0 67.0 23.0 0.27 not_verse
602.0 220.0 106.0 0.12 not_verse
226.0 495.0 48.0 0.0 not_verse
180.0 379.0 37.0 0.0 not_verse
110.0 74.0 28.0 0.1 not_verse
5931.0 385.0 1047.0 0.15 not_verse
148.0 55.0 52.0 0.06 not_verse
248.0 160.0 52.0 0.2 not_verse
182.0 92.0 53.0 0.21 not_verse
1573.0 202.0 262.0 0.18 not_verse
126.0 126.0 27.0 0.0 not_verse
1769.0 476.0 286.0 0.15 not_verse
9930.0 465.0 1666.0 0.13 not_verse
220.0 93.0 43.0 0.07 not_verse
260.0 217.0 48.0 0.13 not_verse
250.0 169.0 52.0 0.1 not_verse
192.0 87.0 46.0 0.13 not_verse
8385.0 56324.0 2962.0 0.0 not_verse
43.0 95.0 12.0 0.0 not_verse
42.0 152.0 9.0 0.0 not_verse
143.0 109.0 27.0 0.11 not_verse
88.0 114.0 15.0 0.2 not_verse
161.0 134.0 43.0 0.29 not_verse
77.0 67.0 30.0 0.0 not_verse
237.0 173.0 52.0 0.56 not_verse
284.0 218.0 52.0 0.0 not_verse
167.0 91.0 47.0 0.08 not_verse
2129.0 149.0 460.0 0.18 not_verse
5021.0 38741.0 958.0 0.0 not_verse
112.0 373.0 28.0 0.0 not_verse
47.0 29.0 21.0 0.09 not_verse
79.0 31.0 33.0 0.17 not_verse
109.0 152.0 30.0 0.0 not_verse
37.0 28.0 16.0 0.11 not_verse
79.0 31.0 35.0 0.06 not_verse
146.0 61.0 38.0 0.13 not_verse
472.0 322.0 92.0 0.3 not_verse
800.0 104.0 147.0 0.17 not_verse
786.0 82.0 318.0 0.2 not_verse
3113.0 20233.0 1463.0 0.0 not_verse
21.0 176.0 7.0 0.0 not_verse
467.0 252.0 80.0 0.0 not_verse
466.0 123.0 117.0 0.19 not_verse
231.0 81.0 50.0 0.05 not_verse
43.0 21.0 13.0 0.14 not_verse
124.0 117.0 26.0 0.0 not_verse
160.0 159.0 28.0 0.14 not_verse
576.0 130.0 97.0 0.19 not_verse
153.0 68.0 41.0 0.07 not_verse
25.0 63.0 9.0 0.0 not_verse
344.0 58.0 110.0 0.19 not_verse
279.0 102.0 50.0 0.0 not_verse
65.0 72.0 21.0 0.2 not_verse
952.0 72.0 194.0 0.01 not_verse
140.0 101.0 31.0 0.22 not_verse
10356.0 45.0 1076.0 0.28 not_verse
377.0 114.0 97.0 0.18 not_verse
230.0 68.0 48.0 0.05 not_verse
245.0 106.0 56.0 0.13 not_verse
297.0 134.0 62.0 0.2 not_verse
262.0 149.0 50.0 0.09 not_verse
0.0 0.0 0.0 0.0 not_verse
6609.0 43129.0 2273.0 0.0 not_verse
74.0 64.0 21.0 0.0 not_verse
2863.0 349.0 494.0 0.21 not_verse
244.0 34.0 45.0 0.13 not_verse
440.0 220.0 85.0 0.15 not_verse
254.0 209.0 46.0 0.13 not_verse
411.0 108.0 78.0 0.3 not_verse
106.0 83.0 23.0 0.25 not_verse
990.0 246.0 212.0 0.26 not_verse
610.0 298.0 117.0 0.07 not_verse
372.0 237.0 71.0 0.0 not_verse
2599.0 20416.0 697.0 0.0 not_verse
106.0 100.0 20.0 0.43 not_verse
93.0 86.0 22.0 0.29 not_verse
286.0 163.0 58.0 0.18 not_verse
7183.0 369.0 1310.0 0.24 not_verse
388.0 177.0 58.0 0.06 not_verse
276.0 431.0 72.0 0.0 not_verse
179.0 91.0 48.0 0.15 not_verse
111.0 94.0 34.0 0.0 not_verse
113.0 74.0 33.0 0.1 not_verse
228.0 148.0 47.0 0.2 not_verse
69.0 76.0 19.0 0.0 not_verse
256.0 198.0 41.0 0.0 not_verse
264.0 61.0 70.0 0.23 not_verse
181.0 106.0 48.0 0.09 not_verse
168.0 118.0 39.0 0.0 not_verse
900.0 206.0 198.0 0.14 not_verse
199.0 44.0 33.0 0.15 not_verse
36.0 81.0 10.0 0.0 not_verse
195.0 94.0 42.0 0.31 not_verse
26.0 71.0 10.0 0.0 not_verse
73.0 90.0 15.0 0.0 not_verse
1908.0 13281.0 643.0 0.0 not_verse
604.0 133.0 126.0 0.06 not_verse
246.0 40.0 46.0 0.16 not_verse
303.0 237.0 70.0 0.44 not_verse
6838.0 359.0 1229.0 0.14 not_verse
63.0 28.0 10.0 0.27 not_verse
108.0 78.0 37.0 0.0 not_verse
86.0 25.0 24.0 0.33 not_verse
106.0 174.0 23.0 0.0 not_verse
465.0 131.0 113.0 0.25 not_verse
152.0 104.0 28.0 0.1 not_verse
4315.0 30786.0 1213.0 0.0 not_verse
138.0 56.0 20.0 0.16 not_verse
223.0 96.0 59.0 0.25 not_verse
131.0 44.0 51.0 0.25 not_verse
120.0 74.0 28.0 0.18 not_verse
424.0 243.0 75.0 0.36 not_verse
93.0 45.0 33.0 0.21 not_verse
202.0 56.0 73.0 0.04 not_verse
207.0 56.0 75.0 0.04 not_verse
91.0 42.0 31.0 0.07 not_verse
152.0 87.0 38.0 0.18 not_verse
49.0 67.0 14.0 0.0 not_verse
103.0 44.0 37.0 0.13 not_verse
109.0 52.0 38.0 0.14 not_verse
186.0 173.0 43.0 0.0 not_verse
880.0 226.0 170.0 0.15 not_verse
4483.0 145.0 830.0 0.25 not_verse
73.0 90.0 14.0 0.0 not_verse
653.0 151.0 122.0 0.17 not_verse
3694.0 210.0 674.0 0.21 not_verse
258.0 128.0 44.0 0.08 not_verse
252.0 65.0 67.0 0.27 not_verse
320.0 60.0 121.0 0.09 not_verse
41.0 99.0 14.0 0.0 not_verse
415.0 223.0 49.0 0.33 not_verse
1258.0 163.0 246.0 0.16 not_verse
123.0 35.0 21.0 0.09 not_verse
476.0 252.0 111.0 0.25 not_verse
94.0 111.0 18.0 0.0 not_verse
542.0 126.0 131.0 0.1 not_verse
231.0 134.0 45.0 0.17 not_verse
233.0 161.0 44.0 0.17 not_verse
85.0 114.0 21.0 0.0 not_verse
2170.0 15110.0 863.0 0.0 not_verse
488.0 382.0 94.0 0.13 not_verse
243.0 286.0 49.0 0.0 not_verse
351.0 350.0 81.0 0.0 not_verse
971.0 115.0 251.0 0.16 not_verse
19.0 58.0 5.0 0.0 not_verse
197.0 245.0 37.0 0.0 not_verse
278.0 112.0 89.0 0.18 not_verse
29682.0 675.0 5475.0 0.15 not_verse
336.0 123.0 67.0 0.17 not_verse
105.0 82.0 26.0 0.11 not_verse
1782.0 13960.0 887.0 0.0 not_verse
405.0 148.0 99.0 0.06 not_verse
441.0 239.0 107.0 0.17 not_verse
81.0 51.0 31.0 0.09 not_verse
86.0 279.0 29.0 0.0 not_verse
188.0 88.0 41.0 0.14 not_verse
268.0 440.0 55.0 0.0 not_verse
101.0 68.0 36.0 0.0 not_verse
304.0 127.0 68.0 0.12 not_verse
393.0 77.0 89.0 0.21 not_verse
4329.0 337.0 945.0 0.15 not_verse
1934.0 14134.0 527.0 0.0 not_verse
173.0 122.0 53.0 0.22 not_verse
939.0 218.0 185.0 0.25 not_verse
291.0 219.0 61.0 0.0 not_verse
192.0 91.0 46.0 0.15 not_verse
209.0 115.0 42.0 0.33 not_verse
233.0 161.0 59.0 0.22 not_verse
255.0 154.0 48.0 0.2 not_verse
321.0 184.0 64.0 0.27 not_verse
411.0 238.0 97.0 0.36 not_verse
60.0 102.0 18.0 0.25 not_verse
0.0 0.0 0.0 0.0 not_verse
9296.0 70906.0 2775.0 0.0 not_verse
166.0 108.0 26.0 0.18 not_verse
4823.0 37595.0 1123.0 0.0 not_verse
213.0 1755.0 38.0 0.0 not_verse
1784.0 14135.0 309.0 0.0 not_verse
1514.0 12260.0 313.0 0.0 not_verse
2022.0 13306.0 405.0 0.0 not_verse
2364.0 19985.0 473.0 0.0 not_verse
4893.0 36693.0 935.0 0.0 not_verse
6330.0 47751.0 1500.0 0.0 not_verse
1914.0 15037.0 381.0 0.0 not_verse
0.0 0.0 0.0 0.0 not_verse
2296.0 18858.0 655.0 0.0 not_verse
2794.0 20343.0 652.0 0.0 not_verse
3808.0 28193.0 1054.0 0.0 not_verse
68.0 72.0 22.0 0.0 not_verse
3684.0 28689.0 952.0 0.0 not_verse
3365.0 28202.0 718.0 0.0 not_verse
4432.0 34154.0 732.0 0.0 not_verse
4456.0 32912.0 1116.0 0.0 not_verse
10546.0 72448.0 3662.0 0.0 not_verse
6256.0 45672.0 1429.0 0.0 not_verse
0.0 0.0 0.0 0.0 not_verse
1862.0 14680.0 447.0 0.0 not_verse
4589.0 34359.0 1094.0 0.0 not_verse
2688.0 20567.0 611.0 0.0 not_verse
42.0 99.0 10.0 0.0 not_verse
2426.0 20658.0 538.0 0.0 not_verse
1928.0 15033.0 468.0 0.0 not_verse
3840.0 27180.0 996.0 0.0 not_verse
2374.0 19001.0 803.0 0.0 not_verse
1639.0 12556.0 359.0 0.0 not_verse
2178.0 14457.0 684.0 0.0 not_verse
0.0 0.0 0.0 0.0 not_verse
2778.0 20705.0 681.0 0.0 not_verse
2899.0 20866.0 803.0 0.0 not_verse
4074.0 28769.0 1218.0 0.0 not_verse
3974.0 30059.0 950.0 0.0 not_verse
4706.0 34698.0 1193.0 0.0 not_verse
5656.0 36868.0 1733.0 0.0 not_verse
5170.0 31289.0 3662.0 0.0 not_verse
2054.0 15040.0 627.0 0.0 not_verse
2464.0 19767.0 557.0 0.0 not_verse
6258.0 52020.0 1571.0 0.0 not_verse
0.0 0.0 0.0 0.0 not_verse
200.0 1729.0 28.0 0.0 not_verse
4998.0 40491.0 1003.0 0.0 not_verse
1638.0 13658.0 362.0 0.0 not_verse
2444.0 19522.0 620.0 0.0 not_verse
5400.0 38722.0 2081.0 0.0 not_verse
4741.0 36829.0 1399.0 0.0 not_verse
10836.0 78161.0 2926.0 0.0 not_verse
2758.0 19463.0 752.0 0.0 not_verse
1955.0 14422.0 666.0 0.0 not_verse
216.0 1710.0 34.0 0.0 not_verse
0.0 0.0 0.0 0.0 not_verse
3687.0 27561.0 916.0 0.0 not_verse
1767.0 14641.0 468.0 0.0 not_verse
2822.0 15671.0 1519.0 0.0 not_verse
2393.0 18925.0 601.0 0.0 not_verse
2789.0 20279.0 766.0 0.0 not_verse
3546.0 27968.0 830.0 0.0 not_verse
3380.0 26227.0 539.0 0.0 not_verse
2788.0 19940.0 788.0 0.0 not_verse
4070.0 30112.0 931.0 0.0 not_verse
2535.0 19479.0 493.0 0.0 not_verse
0.0 0.0 0.0 0.0 not_verse
2460.0 18795.0 435.0 0.0 not_verse
1727.0 12805.0 394.0 0.0 not_verse
4833.0 35750.0 1111.0 0.0 not_verse
3589.0 28148.0 810.0 0.0 not_verse
1749.0 14107.0 376.0 0.0 not_verse
1886.0 14283.0 642.0 0.0 not_verse
2630.0 20311.0 669.0 0.0 not_verse
2707.0 20917.0 659.0 0.0 not_verse
4205.0 29000.0 1315.0 0.0 not_verse
2110.0 14759.0 659.0 0.0 not_verse
0.0 0.0 0.0 0.0 not_verse
1881.0 14766.0 398.0 0.0 not_verse
1764.0 14605.0 455.0 0.0 not_verse
1808.0 12379.0 475.0 0.0 not_verse
6389.0 48346.0 1919.0 0.0 not_verse
2919.0 19142.0 831.0 0.0 not_verse
2738.0 20521.0 963.0 0.0 not_verse
4686.0 37984.0 1201.0 0.0 not_verse
2279.0 14435.0 752.0 0.0 not_verse
4050.0 34001.0 641.0 0.0 not_verse
1529.0 12750.0 315.0 0.0 not_verse
0.0 0.0 0.0 0.0 not_verse
0.0 0.0 0.0 0.0 not_verse
3099.0 19970.0 765.0 0.0 not_verse
3929.0 30558.0 724.0 0.0 not_verse
4053.0 30370.0 878.0 0.0 not_verse
55.0 57.0 20.0 0.0 not_verse
6537.0 49527.0 1425.0 0.0 not_verse
2490.0 15281.0 1129.0 0.0 not_verse
4589.0 29401.0 2653.0 0.0 not_verse
6941.0 53731.0 1677.0 0.0 not_verse
8090.0 66487.0 1857.0 0.0 not_verse
3597.0 28195.0 756.0 0.0 not_verse
0.0 0.0 0.0 0.0 not_verse
4031.0 32671.0 732.0 0.0 not_verse
3962.0 30330.0 954.0 0.0 not_verse
4580.0 33758.0 1295.0 0.0 not_verse
1893.0 15012.0 350.0 0.0 not_verse
1658.0 12582.0 361.0 0.0 not_verse
5475.0 38713.0 1452.0 0.0 not_verse
4649.0 36001.0 1100.0 0.0 not_verse
3880.0 29408.0 1563.0 0.0 not_verse
9547.0 78544.0 2095.0 0.0 not_verse
4301.0 29955.0 2118.0 0.0 not_verse
0.0 0.0 0.0 0.0 not_verse
3890.0 27759.0 1192.0 0.0 not_verse
7592.0 57034.0 1681.0 0.0 not_verse
2775.0 20668.0 742.0 0.0 not_verse
4474.0 29754.0 1031.0 0.0 not_verse
2076.0 14701.0 645.0 0.0 not_verse
1941.0 14246.0 591.0 0.0 not_verse
2698.0 19598.0 659.0 0.0 not_verse
1915.0 13627.0 893.0 0.0 not_verse
1840.0 14060.0 463.0 0.0 not_verse
4495.0 34883.0 1224.0 0.0 not_verse
0.0 0.0 0.0 0.0 not_verse
8972.0 63315.0 3091.0 0.0 not_verse
4361.0 34237.0 894.0 0.0 not_verse
4499.0 35904.0 954.0 0.0 not_verse
5158.0 40570.0 1370.0 0.0 not_verse
2427.0 18926.0 546.0 0.0 not_verse
4246.0 27620.0 1396.0 0.0 not_verse
1861.0 14563.0 377.0 0.0 not_verse
4330.0 35233.0 917.0 0.0 not_verse
8572.0 68128.0 2807.0 0.0 not_verse
10884.0 77063.0 3740.0 0.0 not_verse
0.0 0.0 0.0 0.0 not_verse
1722.0 14234.0 334.0 0.0 not_verse
4469.0 30681.0 1925.0 0.0 not_verse
2119.0 14285.0 1229.0 0.0 not_verse
1934.0 14302.0 554.0 0.0 not_verse
5878.0 49965.0 1023.0 0.0 not_verse
4516.0 33610.0 1213.0 0.0 not_verse
4812.0 34669.0 1571.0 0.0 not_verse
3920.0 33192.0 746.0 0.0 not_verse
3670.0 27183.0 1240.0 0.0 not_verse
21181.0 146331.0 7551.0 0.0 not_verse
0.0 0.0 0.0 0.0 not_verse
9234.0 70697.0 2150.0 0.0 not_verse
2584.0 19156.0 675.0 0.0 not_verse
2066.0 15303.0 517.0 0.0 not_verse
304.0 2198.0 104.0 0.0 not_verse
2475.0 19286.0 613.0 0.0 not_verse
5833.0 48454.0 1345.0 0.0 not_verse
1980.0 14930.0 363.0 0.0 not_verse
2771.0 20806.0 695.0 0.0 not_verse
3666.0 28143.0 983.0 0.0 not_verse
5642.0 43198.0 1411.0 0.0 not_verse
0.0 0.0 0.0 0.0 not_verse
4346.0 32841.0 865.0 0.0 not_verse
2532.0 20309.0 578.0 0.0 not_verse
2691.0 21670.0 688.0 0.0 not_verse
4046.0 28556.0 1051.0 0.0 not_verse
8816.0 70102.0 1876.0 0.0 not_verse
3860.0 29977.0 968.0 0.0 not_verse
3527.0 27621.0 1163.0 0.0 not_verse
4350.0 29491.0 2273.0 0.0 not_verse
4014.0 29917.0 1109.0 0.0 not_verse
4573.0 38049.0 704.0 0.0 not_verse
0.0 0.0 0.0 0.0 not_verse
4576.0 34639.0 1294.0 0.0 not_verse
4332.0 31327.0 1325.0 0.0 not_verse
1942.0 14362.0 705.0 0.0 not_verse
1943.0 14844.0 498.0 0.0 not_verse
4201.0 32505.0 807.0 0.0 not_verse
1865.0 14450.0 543.0 0.0 not_verse
6958.0 54035.0 1442.0 0.0 not_verse
14074.0 95801.0 6857.0 0.0 not_verse
4638.0 32220.0 1729.0 0.0 not_verse
2397.0 19980.0 557.0 0.0 not_verse
0.0 0.0 0.0 0.0 not_verse
8276.0 60375.0 2930.0 0.0 not_verse
1813.0 14259.0 379.0 0.0 not_verse
2740.0 20324.0 1119.0 0.0 not_verse
185.0 217.0 38.0 0.17 not_verse
371.0 146.0 67.0 0.18 not_verse
4245.0 30005.0 1069.0 0.0 not_verse
11095.0 70471.0 5153.0 0.0 not_verse
4105.0 32858.0 785.0 0.0 not_verse
3867.0 31646.0 849.0 0.0 not_verse
1765.0 14235.0 457.0 0.0 not_verse
0.0 0.0 0.0 0.0 not_verse
3873.0 28169.0 1025.0 0.0 not_verse
1930.0 12165.0 941.0 0.0 not_verse
2104.0 14237.0 986.0 0.0 not_verse
1706.0 13256.0 358.0 0.0 not_verse
2955.0 25487.0 488.0 0.0 not_verse
5335.0 40830.0 1277.0 0.0 not_verse
2272.0 19063.0 416.0 0.0 not_verse
1715.0 14006.0 618.0 0.0 not_verse
3442.0 27197.0 758.0 0.0 not_verse
5042.0 37349.0 1147.0 0.0 not_verse
0.0 0.0 0.0 0.0 not_verse
0.0 0.0 0.0 0.0 not_verse
2404.0 20265.0 490.0 0.0 not_verse
4552.0 36916.0 867.0 0.0 not_verse
2294.0 14568.0 1306.0 0.0 not_verse
2227.0 12518.0 1081.0 0.0 not_verse
347.0 89.0 113.0 0.27 not_verse
338.0 294.0 62.0 0.25 not_verse
3592.0 21539.0 1667.0 0.0 not_verse
4782.0 36258.0 1163.0 0.0 not_verse
1627.0 12492.0 298.0 0.0 not_verse
7871.0 59642.0 1885.0 0.0 not_verse
0.0 0.0 0.0 0.0 not_verse
2623.0 18746.0 706.0 0.0 not_verse
2809.0 19845.0 997.0 0.0 not_verse
1475.0 12239.0 334.0 0.0 not_verse
1660.0 12650.0 399.0 0.0 not_verse
3539.0 27609.0 761.0 0.0 not_verse
2810.0 19974.0 821.0 0.0 not_verse
5123.0 35125.0 2103.0 0.0 not_verse
1991.0 14652.0 601.0 0.0 not_verse
9702.0 73767.0 2827.0 0.0 not_verse
2521.0 20086.0 724.0 0.0 not_verse
0.0 0.0 0.0 0.0 not_verse
225.0 1800.0 55.0 0.0 not_verse
4103.0 32208.0 696.0 0.0 not_verse
1605.0 12255.0 276.0 0.0 not_verse
1799.0 14514.0 368.0 0.0 not_verse
4987.0 39325.0 1560.0 0.0 not_verse
4493.0 33650.0 1205.0 0.0 not_verse
3649.0 29710.0 688.0 0.0 not_verse
313.0 294.0 61.0 0.13 not_verse
112.0 135.0 21.0 0.0 not_verse
2018.0 14378.0 682.0 0.0 not_verse
0.0 0.0 0.0 0.0 not_verse
1506.0 12275.0 351.0 0.0 not_verse
2516.0 20552.0 619.0 0.0 not_verse
9180.0 70645.0 2106.0 0.0 not_verse
2091.0 14904.0 603.0 0.0 not_verse
3125.0 21275.0 1158.0 0.0 not_verse
5141.0 38842.0 1514.0 0.0 not_verse
1935.0 14065.0 396.0 0.0 not_verse
2434.0 19319.0 544.0 0.0 not_verse
4763.0 32500.0 1760.0 0.0 not_verse
5089.0 37982.0 1454.0 0.0 not_verse
0.0 0.0 0.0 0.0 not_verse
5345.0 40927.0 1089.0 0.0 not_verse
3868.0 29818.0 924.0 0.0 not_verse
3841.0 28701.0 799.0 0.0 not_verse
1770.0 14314.0 448.0 0.0 not_verse
15.0 108.0 6.0 0.0 not_verse
27.0 194.0 9.0 0.0 not_verse
2482.0 19630.0 467.0 0.0 not_verse
1724.0 13279.0 453.0 0.0 not_verse
5719.0 35912.0 1363.0 0.0 not_verse
238.0 1830.0 40.0 0.0 not_verse
0.0 0.0 0.0 0.0 not_verse
3838.0 28546.0 1133.0 0.0 not_verse
5862.0 43789.0 1654.0 0.0 not_verse
1848.0 12613.0 791.0 0.0 not_verse
7806.0 61297.0 1279.0 0.0 not_verse
3988.0 26939.0 1044.0 0.0 not_verse
2372.0 20434.0 853.0 0.0 not_verse
3570.0 25104.0 1029.0 0.0 not_verse
2720.0 21172.0 666.0 0.0 not_verse
3285.0 26804.0 790.0 0.0 not_verse
1875.0 15078.0 615.0 0.0 not_verse
0.0 0.0 0.0 0.0 not_verse
7896.0 60831.0 2353.0 0.0 not_verse
4436.0 34532.0 1175.0 0.0 not_verse
1826.0 14372.0 419.0 0.0 not_verse
6827.0 46617.0 2518.0 0.0 not_verse
1723.0 14647.0 289.0 0.0 not_verse
1893.0 13859.0 531.0 0.0 not_verse
6822.0 52753.0 1500.0 0.0 not_verse
3224.0 27576.0 577.0 0.0 not_verse
2590.0 20804.0 527.0 0.0 not_verse
2532.0 15540.0 1748.0 0.0 not_verse
0.0 0.0 0.0 0.0 not_verse
4090.0 30484.0 923.0 0.0 not_verse
2428.0 14341.0 1773.0 0.0 not_verse
3558.0 27477.0 1015.0 0.0 not_verse
1750.0 14132.0 332.0 0.0 not_verse
1517.0 12557.0 327.0 0.0 not_verse
5432.0 43125.0 1160.0 0.0 not_verse
1977.0 15178.0 580.0 0.0 not_verse
4535.0 32808.0 2042.0 0.0 not_verse
6082.0 46325.0 1811.0 0.0 not_verse
4130.0 33105.0 761.0 0.0 not_verse
0.0 0.0 0.0 0.0 not_verse
6768.0 53557.0 2392.0 0.0 not_verse
4168.0 32754.0 1018.0 0.0 not_verse
4278.0 31611.0 1087.0 0.0 not_verse
3969.0 30006.0 836.0 0.0 not_verse
1707.0 12480.0 600.0 0.0 not_verse
7697.0 53621.0 4724.0 0.0 not_verse
3770.0 29815.0 1029.0 0.0 not_verse
2367.0 20199.0 487.0 0.0 not_verse
6491.0 47603.0 1816.0 0.0 not_verse
4182.0 31439.0 1026.0 0.0 not_verse
0.0 0.0 0.0 0.0 not_verse
1765.0 13451.0 475.0 0.0 not_verse
1726.0 14643.0 395.0 0.0 not_verse
2468.0 12203.0 2672.0 0.0 not_verse
316.0 117.0 66.0 0.17 not_verse
137.0 129.0 45.0 0.0 not_verse
378.0 283.0 68.0 0.0 not_verse
260.0 371.0 43.0 0.0 not_verse
102.0 203.0 23.0 0.25 not_verse
128.0 217.0 33.0 0.25 not_verse
262.0 197.0 69.0 0.1 not_verse
0.0 0.0 0.0 0.0 not_verse
0.0 0.0 0.0 0.0 not_verse
328.0 219.0 64.0 0.3 not_verse
117.0 210.0 26.0 0.25 not_verse
118.0 167.0 27.0 0.2 not_verse
308.0 246.0 74.0 0.22 not_verse
90.0 184.0 15.0 0.0 not_verse
296.0 256.0 79.0 0.0 not_verse
260.0 375.0 54.0 0.0 not_verse
413.0 353.0 77.0 0.11 not_verse
102.0 247.0 19.0 0.0 not_verse
103.0 185.0 28.0 0.25 not_verse
0.0 0.0 0.0 0.0 not_verse
391.0 345.0 82.0 0.25 not_verse
31.0 111.0 8.0 0.0 not_verse
251.0 299.0 56.0 0.17 not_verse
25.0 172.0 6.0 0.0 not_verse
35.0 267.0 7.0 0.0 not_verse
278.0 389.0 68.0 0.2 not_verse
37.0 288.0 6.0 0.0 not_verse
35.0 215.0 5.0 0.0 not_verse
414.0 167.0 107.0 0.35 not_verse
32.0 219.0 4.0 0.0 not_verse
0.0 0.0 0.0 0.0 not_verse
32.0 248.0 8.0 0.0 not_verse
126.0 213.0 22.0 0.0 not_verse
35.0 283.0 4.0 0.0 not_verse
296.0 244.0 44.0 0.0 not_verse
40.0 265.0 7.0 0.0 not_verse
323.0 275.0 77.0 0.13 not_verse
298.0 355.0 47.0 0.17 not_verse
127.0 282.0 22.0 0.0 not_verse
29.0 212.0 5.0 0.0 not_verse
128.0 282.0 30.0 0.0 not_verse
0.0 0.0 0.0 0.0 not_verse
34.0 267.0 4.0 0.0 not_verse
35.0 226.0 6.0 0.0 not_verse
44.0 281.0 7.0 0.0 not_verse
114.0 120.0 25.0 0.14 not_verse
105.0 146.0 27.0 0.0 not_verse
105.0 212.0 19.0 0.25 not_verse
257.0 238.0 63.0 0.13 not_verse
26.0 207.0 3.0 0.0 not_verse
27.0 204.0 8.0 0.0 not_verse
31.0 220.0 2.0 0.0 not_verse
0.0 0.0 0.0 0.0 not_verse
30.0 214.0 7.0 0.0 not_verse
30.0 255.0 4.0 0.0 not_verse
26.0 196.0 5.0 0.0 not_verse
38.0 260.0 7.0 0.0 not_verse
249.0 378.0 34.0 0.0 not_verse
35.0 240.0 6.0 0.0 not_verse
420.0 97.0 112.0 0.1 not_verse
138.0 170.0 36.0 0.2 not_verse
35.0 215.0 5.0 0.0 not_verse
33.0 232.0 9.0 0.0 not_verse
0.0 0.0 0.0 0.0 not_verse
289.0 197.0 69.0 0.1 not_verse
35.0 283.0 4.0 0.0 not_verse
40.0 265.0 7.0 0.0 not_verse
275.0 240.0 66.0 0.25 not_verse
116.0 246.0 47.0 0.0 not_verse
112.0 255.0 19.0 0.0 not_verse
36.0 253.0 10.0 0.0 not_verse
137.0 213.0 37.0 0.25 not_verse
116.0 284.0 23.0 0.33 not_verse
289.0 198.0 63.0 0.0 not_verse
0.0 0.0 0.0 0.0 not_verse
116.0 214.0 24.0 0.0 not_verse
37.0 288.0 6.0 0.0 not_verse
35.0 226.0 6.0 0.0 not_verse
44.0 281.0 7.0 0.0 not_verse
33.0 232.0 9.0 0.0 not_verse
30.0 191.0 3.0 0.0 not_verse
31.0 251.0 3.0 0.0 not_verse
115.0 184.0 27.0 0.25 not_verse
265.0 124.0 55.0 0.31 not_verse
34.0 225.0 6.0 0.0 not_verse
0.0 0.0 0.0 0.0 not_verse
35.0 283.0 4.0 0.0 not_verse
32.0 235.0 7.0 0.0 not_verse
141.0 209.0 35.0 0.0 not_verse
29.0 212.0 5.0 0.0 not_verse
34.0 267.0 4.0 0.0 not_verse
29.0 237.0 5.0 0.0 not_verse
29.0 233.0 8.0 0.0 not_verse
121.0 255.0 15.0 0.0 not_verse
116.0 216.0 21.0 0.0 not_verse
28.0 236.0 9.0 0.0 not_verse
0.0 0.0 0.0 0.0 not_verse
121.0 144.0 24.0 0.17 not_verse
245.0 259.0 42.0 0.0 not_verse
337.0 284.0 54.0 0.25 not_verse
280.0 266.0 58.0 0.14 not_verse
31.0 262.0 4.0 0.0 not_verse
272.0 404.0 55.0 0.0 not_verse
120.0 162.0 45.0 0.0 not_verse
34.0 254.0 7.0 0.0 not_verse
41.0 257.0 8.0 0.0 not_verse
38.0 274.0 6.0 0.0 not_verse
0.0 0.0 0.0 0.0 not_verse
129.0 214.0 20.0 0.0 not_verse
23.0 187.0 4.0 0.0 not_verse
35.0 242.0 5.0 0.0 not_verse
36.0 227.0 11.0 0.0 not_verse
31.0 236.0 6.0 0.0 not_verse
41.0 275.0 4.0 0.0 not_verse
32.0 232.0 5.0 0.0 not_verse
23.0 216.0 3.0 0.0 not_verse
29.0 212.0 5.0 0.0 not_verse
29.0 237.0 5.0 0.0 not_verse
0.0 0.0 0.0 0.0 not_verse
0.0 0.0 0.0 0.0 not_verse
125.0 162.0 23.0 0.0 not_verse
98.0 250.0 22.0 0.0 not_verse
31.0 236.0 6.0 0.0 not_verse
32.0 232.0 5.0 0.0 not_verse
287.0 307.0 76.0 0.5 not_verse
31.0 251.0 3.0 0.0 not_verse
32.0 235.0 7.0 0.0 not_verse
122.0 193.0 31.0 0.0 not_verse
115.0 211.0 20.0 0.0 not_verse
29.0 212.0 5.0 0.0 not_verse
0.0 0.0 0.0 0.0 not_verse
34.0 267.0 4.0 0.0 not_verse
31.0 229.0 3.0 0.0 not_verse
28.0 218.0 6.0 0.0 not_verse
388.0 407.0 85.0 0.14 not_verse
38.0 257.0 7.0 0.0 not_verse
41.0 286.0 4.0 0.0 not_verse
24.0 217.0 7.0 0.0 not_verse
30.0 230.0 5.0 0.0 not_verse
32.0 219.0 7.0 0.0 not_verse
27.0 204.0 8.0 0.0 not_verse
2761.0 20056.0 686.0 0.0 not_verse
131.0 438.0 23.0 0.0 not_verse
116.0 188.0 25.0 0.0 not_verse
129.0 141.0 41.0 0.17 not_verse
32.0 232.0 5.0 0.0 not_verse
31.0 241.0 6.0 0.0 not_verse
28.0 244.0 3.0 0.0 not_verse
34.0 224.0 13.0 0.0 not_verse
18.0 198.0 6.0 0.0 not_verse
104.0 189.0 24.0 0.0 not_verse
22.0 199.0 2.0 0.0 not_verse
3780.0 28505.0 977.0 0.0 not_verse
109.0 255.0 23.0 0.0 not_verse
31.0 217.0 26.0 0.0 not_verse
294.0 317.0 66.0 0.0 not_verse
416.0 358.0 104.0 0.25 not_verse
38.0 274.0 6.0 0.0 not_verse
23.0 195.0 3.0 0.0 not_verse
29.0 216.0 6.0 0.0 not_verse
341.0 245.0 93.0 0.11 not_verse
302.0 316.0 55.0 0.0 not_verse
479.0 202.0 114.0 0.19 not_verse
2678.0 21147.0 925.0 0.0 not_verse
32.0 232.0 5.0 0.0 not_verse
140.0 214.0 40.0 0.0 not_verse
31.0 251.0 3.0 0.0 not_verse
104.0 189.0 25.0 0.25 not_verse
36.0 271.0 9.0 0.0 not_verse
121.0 420.0 24.0 0.0 not_verse
29.0 212.0 5.0 0.0 not_verse
34.0 267.0 4.0 0.0 not_verse
38.0 257.0 7.0 0.0 not_verse
41.0 286.0 4.0 0.0 not_verse
4272.0 36353.0 635.0 0.0 not_verse
24.0 217.0 7.0 0.0 not_verse
30.0 230.0 5.0 0.0 not_verse
291.0 418.0 57.0 0.0 not_verse
32.0 219.0 7.0 0.0 not_verse
266.0 319.0 66.0 0.17 not_verse
35.0 215.0 5.0 0.0 not_verse
33.0 198.0 6.0 0.0 not_verse
33.0 246.0 11.0 0.0 not_verse
261.0 238.0 51.0 0.0 not_verse
108.0 247.0 26.0 0.33 not_verse
6497.0 43230.0 3381.0 0.0 not_verse
41.0 276.0 4.0 0.0 not_verse
32.0 232.0 5.0 0.0 not_verse
115.0 286.0 26.0 0.0 not_verse
31.0 229.0 3.0 0.0 not_verse
314.0 154.0 90.0 0.15 not_verse
28.0 218.0 6.0 0.0 not_verse
25.0 200.0 2.0 0.0 not_verse
33.0 257.0 4.0 0.0 not_verse
31.0 236.0 5.0 0.0 not_verse
95.0 186.0 20.0 0.25 not_verse
3169.0 26842.0 551.0 0.0 not_verse
120.0 216.0 27.0 0.0 not_verse
107.0 191.0 16.0 0.0 not_verse
28.0 234.0 3.0 0.0 not_verse
324.0 221.0 66.0 0.1 not_verse
32.0 223.0 4.0 0.0 not_verse
36.0 248.0 6.0 0.0 not_verse
508.0 328.0 104.0 0.3 not_verse
36.0 237.0 8.0 0.0 not_verse
29.0 217.0 6.0 0.0 not_verse
35.0 239.0 7.0 0.0 not_verse
3784.0 31541.0 849.0 0.0 not_verse
34.0 227.0 5.0 0.0 not_verse
41.0 257.0 8.0 0.0 not_verse
444.0 351.0 102.0 0.11 not_verse
96.0 65.0 29.0 0.11 not_verse
412.0 194.0 82.0 0.25 not_verse
102.0 237.0 22.0 0.0 not_verse
255.0 79.0 54.0 0.13 not_verse
1915.0 210.0 411.0 0.23 not_verse
2144.0 299.0 394.0 0.14 not_verse
85.0 18.0 7.0 0.91 not_verse
2306.0 15183.0 931.0 0.0 not_verse
181.0 215.0 43.0 0.17 not_verse
470.0 215.0 79.0 0.07 not_verse
1045.0 114.0 257.0 0.12 not_verse
980.0 241.0 223.0 0.17 not_verse
227.0 213.0 53.0 0.13 not_verse
144.0 178.0 32.0 0.0 not_verse
5324.0 253.0 1156.0 0.16 not_verse
347.0 169.0 68.0 0.07 not_verse
292.0 120.0 60.0 0.12 not_verse
149.0 180.0 35.0 0.17 not_verse
0.0 0.0 0.0 0.0 not_verse
6856.0 51681.0 2332.0 0.0 not_verse
237.0 126.0 44.0 0.08 not_verse
464.0 124.0 111.0 0.08 not_verse
2289.0 188.0 497.0 0.21 not_verse
98.0 227.0 17.0 0.0 not_verse
850.0 278.0 195.0 0.14 not_verse
194.0 214.0 39.0 0.0 not_verse
396.0 189.0 75.0 0.07 not_verse
161.0 101.0 31.0 0.09 not_verse
282.0 133.0 58.0 0.07 not_verse
263.0 123.0 47.0 0.21 not_verse
2482.0 19787.0 484.0 0.0 not_verse
171.0 96.0 32.0 0.15 not_verse
170.0 77.0 35.0 0.13 not_verse
200.0 109.0 33.0 0.15 not_verse
196.0 107.0 35.0 0.08 not_verse
422.0 176.0 73.0 0.12 not_verse
261.0 76.0 69.0 0.08 not_verse
176.0 91.0 29.0 0.21 not_verse
144.0 86.0 33.0 0.25 not_verse
191.0 90.0 37.0 0.27 not_verse
322.0 109.0 70.0 0.1 not_verse
5608.0 40513.0 1721.0 0.0 not_verse
224.0 99.0 48.0 0.25 not_verse
198.0 137.0 38.0 0.27 not_verse
4181.0 360.0 768.0 0.15 not_verse
228.0 59.0 45.0 0.26 not_verse
278.0 148.0 74.0 0.08 not_verse
610.0 84.0 108.0 0.06 not_verse
592.0 132.0 103.0 0.1 not_verse
243.0 130.0 49.0 0.0 not_verse
2944.0 202.0 588.0 0.14 not_verse
210.0 225.0 38.0 0.0 not_verse
1615.0 14270.0 365.0 0.0 not_verse
238.0 112.0 45.0 0.2 not_verse
201.0 335.0 58.0 0.0 not_verse
979.0 158.0 295.0 0.03 not_verse
456.0 184.0 68.0 0.06 not_verse
439.0 134.0 122.0 0.25 not_verse
92.0 91.0 25.0 0.14 not_verse
248.0 175.0 54.0 0.22 not_verse
158.0 189.0 38.0 0.17 not_verse
70.0 57.0 19.0 0.0 not_verse
245.0 185.0 39.0 0.2 not_verse
4058.0 29783.0 1167.0 0.0 not_verse
239.0 195.0 50.0 0.13 not_verse
121.0 135.0 24.0 0.0 not_verse
242.0 154.0 39.0 0.18 not_verse
3078.0 363.0 600.0 0.13 not_verse
456.0 271.0 89.0 0.27 not_verse
172.0 91.0 36.0 0.08 not_verse
137.0 159.0 34.0 0.0 not_verse
186.0 76.0 58.0 0.24 not_verse
199.0 61.0 50.0 0.23 not_verse
872.0 144.0 170.0 0.08 not_verse
2415.0 15148.0 1306.0 0.0 not_verse
235.0 128.0 50.0 0.33 not_verse
394.0 74.0 99.0 0.17 not_verse
2089.0 234.0 389.0 0.17 not_verse
789.0 130.0 202.0 0.37 not_verse
227.0 192.0 31.0 0.13 not_verse
249.0 169.0 60.0 0.0 not_verse
222.0 137.0 39.0 0.18 not_verse
91.0 23.0 23.0 0.12 not_verse
64.0 49.0 15.0 0.25 not_verse
393.0 246.0 73.0 0.3 not_verse
3581.0 27585.0 934.0 0.0 not_verse
28.0 23.0 9.0 0.0 not_verse
53.0 114.0 14.0 0.0 not_verse
283.0 166.0 73.0 0.09 not_verse
182.0 202.0 42.0 0.33 not_verse
19.0 116.0 6.0 0.0 not_verse
96.0 222.0 22.0 0.0 not_verse
42.0 82.0 17.0 0.0 not_verse
209.0 336.0 46.0 0.25 not_verse
90.0 86.0 23.0 0.0 not_verse
332.0 195.0 70.0 0.27 not_verse
4960.0 39279.0 885.0 0.0 not_verse
440.0 41.0 133.0 0.21 not_verse
396.0 162.0 78.0 0.17 not_verse
486.0 187.0 109.0 0.11 not_verse
126.0 110.0 27.0 0.0 not_verse
178.0 124.0 42.0 0.33 not_verse
4624.0 267.0 982.0 0.15 not_verse
310.0 102.0 65.0 0.18 not_verse
625.0 116.0 179.0 0.26 not_verse
546.0 253.0 120.0 0.14 not_verse
95.0 56.0 18.0 0.18 not_verse
212.0 1365.0 55.0 0.0 not_verse
611.0 114.0 142.0 0.19 not_verse
424.0 112.0 97.0 0.31 not_verse
196.0 107.0 62.0 0.31 not_verse
169.0 129.0 37.0 0.22 not_verse
482.0 81.0 118.0 0.15 not_verse
205.0 179.0 42.0 0.13 not_verse
1082.0 273.0 194.0 0.1 not_verse
441.0 295.0 67.0 0.09 not_verse
432.0 188.0 87.0 0.0 not_verse
43.0 84.0 14.0 0.33 not_verse
962.0 6233.0 178.0 0.0 not_verse
131.0 57.0 34.0 0.19 not_verse
597.0 226.0 129.0 0.18 not_verse
264.0 81.0 70.0 0.29 not_verse
146.0 75.0 42.0 0.08 not_verse
523.0 187.0 84.0 0.21 not_verse
108.0 70.0 30.0 0.1 not_verse
5802.0 395.0 1038.0 0.12 not_verse
252.0 37.0 35.0 0.15 not_verse
294.0 228.0 75.0 0.1 not_verse
32.0 229.0 8.0 0.0 not_verse
4628.0 32076.0 1554.0 0.0 not_verse
428.0 2949.0 91.0 0.0 not_verse
318.0 186.0 67.0 0.18 not_verse
300.0 307.0 55.0 0.14 not_verse
245.0 143.0 65.0 0.09 not_verse
283.0 221.0 48.0 0.22 not_verse
22.0 51.0 10.0 0.0 not_verse
4919.0 357.0 1003.0 0.16 not_verse
3947.0 404.0 626.0 0.18 not_verse
2824.0 506.0 456.0 0.17 not_verse
2792.0 200.0 552.0 0.18 not_verse
230.0 228.0 50.0 0.0 not_verse
10703.0 81205.0 2020.0 0.0 not_verse
499.0 117.0 122.0 0.18 not_verse
283.0 106.0 54.0 0.21 not_verse
295.0 351.0 51.0 0.0 not_verse
472.0 147.0 91.0 0.23 not_verse
93.0 158.0 23.0 0.25 not_verse
30.0 105.0 12.0 0.0 not_verse
200.0 110.0 43.0 0.33 not_verse
319.0 100.0 57.0 0.1 not_verse
119.0 202.0 28.0 0.5 not_verse
241.0 149.0 52.0 0.09 not_verse
415.0 3262.0 102.0 0.0 not_verse
425.0 400.0 73.0 0.14 not_verse
2873.0 101.0 623.0 0.19 not_verse
405.0 178.0 74.0 0.13 not_verse
248.0 131.0 57.0 0.21 not_verse
189.0 44.0 27.0 0.03 not_verse
470.0 274.0 110.0 0.25 not_verse
268.0 137.0 47.0 0.0 not_verse
426.0 140.0 113.0 0.2 not_verse
235.0 289.0 47.0 0.0 not_verse
6046.0 523.0 1262.0 0.24 not_verse
3477.0 26752.0 853.0 0.0 not_verse
4392.0 288.0 905.0 0.13 not_verse
6433.0 410.0 1101.0 0.14 not_verse
2158.0 603.0 391.0 0.08 not_verse
2106.0 443.0 372.0 0.09 not_verse
89.0 297.0 22.0 0.0 not_verse
112.0 57.0 30.0 0.14 not_verse
1970.0 478.0 343.0 0.19 not_verse
6115.0 465.0 1085.0 0.19 not_verse
220.0 251.0 53.0 0.0 not_verse
193.0 151.0 34.0 0.11 not_verse
2564.0 19777.0 759.0 0.0 not_verse
67.0 503.0 17.0 0.0 not_verse
4628.0 348.0 999.0 0.16 not_verse
2281.0 246.0 436.0 0.1 not_verse
2251.0 161.0 484.0 0.17 not_verse
527.0 169.0 88.0 0.1 not_verse
2999.0 262.0 578.0 0.13 not_verse
10741.0 208.0 2248.0 0.17 not_verse
3229.0 371.0 666.0 0.11 not_verse
7281.0 150.0 1557.0 0.15 not_verse
2267.0 255.0 454.0 0.15 not_verse
4209.0 33255.0 827.0 0.0 not_verse
287.0 219.0 65.0 0.0 not_verse
8047.0 245.0 1699.0 0.19 not_verse
61.0 139.0 15.0 0.0 not_verse
19999.0 499.0 3697.0 0.17 not_verse
7986.0 384.0 1605.0 0.14 not_verse
18.0 127.0 3.0 0.0 not_verse
330.0 362.0 66.0 0.33 not_verse
326.0 183.0 72.0 0.17 not_verse
101.0 85.0 27.0 0.44 not_verse
429.0 141.0 69.0 0.04 not_verse
6609.0 50876.0 1444.0 0.0 not_verse
2986.0 301.0 553.0 0.09 not_verse
395.0 268.0 78.0 0.3 not_verse
307.0 112.0 60.0 0.28 not_verse
254.0 181.0 52.0 0.22 not_verse
5962.0 664.0 834.0 0.17 not_verse
68.0 155.0 32.0 0.0 not_verse
276.0 189.0 58.0 0.1 not_verse
400.0 232.0 93.0 0.18 not_verse
313.0 159.0 57.0 0.46 not_verse
176.0 142.0 38.0 0.11 not_verse
364.0 60.0 133.0 0.1 not_verse
256.0 213.0 43.0 0.0 not_verse
306.0 23.0 63.0 0.59 not_verse
461.0 192.0 86.0 0.2 not_verse
11602.0 692.0 1904.0 0.14 not_verse
8710.0 731.0 1389.0 0.23 not_verse
356.0 153.0 68.0 0.17 not_verse
231.0 108.0 59.0 0.14 not_verse
258.0 67.0 49.0 0.11 not_verse
240.0 270.0 55.0 0.0 not_verse
89.0 206.0 20.0 0.0 not_verse
258.0 169.0 43.0 0.1 not_verse
8211.0 582.0 1766.0 0.11 not_verse
253.0 446.0 53.0 0.0 not_verse
255.0 204.0 48.0 0.0 not_verse
286.0 105.0 56.0 0.29 not_verse
315.0 175.0 64.0 0.18 not_verse
218.0 480.0 48.0 0.33 not_verse
42613.0 788.0 7790.0 0.12 not_verse
4399.0 418.0 735.0 0.15 not_verse
325.0 218.0 56.0 0.1 not_verse
323.0 70.0 90.0 0.2 not_verse
1954.0 14341.0 583.0 0.0 not_verse
539.0 161.0 110.0 0.14 not_verse
2209.0 424.0 402.0 0.17 not_verse
21.0 145.0 9.0 0.0 not_verse
76.0 157.0 25.0 0.0 not_verse
215.0 504.0 42.0 0.0 not_verse
519.0 124.0 96.0 0.11 not_verse
290.0 158.0 63.0 0.25 not_verse
6875.0 337.0 1250.0 0.14 not_verse
95.0 123.0 32.0 0.0 not_verse
267.0 120.0 46.0 0.2 not_verse
0.0 0.0 0.0 0.0 not_verse
2426.0 18996.0 759.0 0.0 not_verse
7758.0 410.0 1530.0 0.11 not_verse
10894.0 170.0 2128.0 0.23 not_verse
111.0 58.0 21.0 0.0 not_verse
301.0 186.0 54.0 0.08 not_verse
22.0 198.0 11.0 0.0 not_verse
269.0 647.0 44.0 0.33 not_verse
439.0 39.0 59.0 0.22 not_verse
301.0 298.0 45.0 0.0 not_verse
10050.0 685.0 1636.0 0.13 not_verse
272.0 460.0 57.0 0.0 not_verse
44.0 64.0 16.0 0.0 not_verse
32.0 225.0 8.0 0.0 not_verse
459.0 291.0 110.0 0.0 not_verse
134.0 122.0 32.0 0.14 not_verse
29.0 183.0 6.0 0.0 not_verse
305.0 312.0 56.0 0.17 not_verse
379.0 254.0 74.0 0.36 not_verse
283.0 107.0 53.0 0.11 not_verse
33.0 208.0 19.0 0.0 not_verse
279.0 234.0 67.0 0.25 not_verse
240.0 333.0 51.0 0.0 not_verse
17885.0 138084.0 4326.0 0.0 not_verse
9263.0 282.0 1744.0 0.22 not_verse
4911.0 167.0 975.0 0.18 not_verse
8350.0 330.0 1523.0 0.15 not_verse
5574.0 368.0 1002.0 0.15 not_verse
5662.0 532.0 1071.0 0.13 not_verse
3586.0 370.0 596.0 0.19 not_verse
101.0 745.0 29.0 0.0 not_verse
87.0 151.0 23.0 0.0 not_verse
333.0 430.0 70.0 0.4 not_verse
424.0 397.0 87.0 0.14 not_verse
4222.0 31698.0 1742.0 0.0 not_verse
429.0 345.0 74.0 0.11 not_verse
4230.0 481.0 647.0 0.18 not_verse
6510.0 565.0 1054.0 0.18 not_verse
488.0 199.0 79.0 0.19 not_verse
331.0 359.0 73.0 0.0 not_verse
476.0 215.0 105.0 0.13 not_verse
389.0 281.0 68.0 0.0 not_verse
294.0 218.0 58.0 0.11 not_verse
23.0 158.0 4.0 0.0 not_verse
258.0 208.0 54.0 0.33 not_verse
179.0 59.0 57.0 0.06 not_verse
2912.0 534.0 538.0 0.11 not_verse
267.0 367.0 57.0 0.0 not_verse
3923.0 429.0 852.0 0.15 not_verse
93.0 335.0 27.0 0.0 not_verse
5767.0 649.0 938.0 0.15 not_verse
286.0 172.0 72.0 0.27 not_verse
109.0 185.0 22.0 0.25 not_verse
2156.0 123.0 460.0 0.21 not_verse
298.0 347.0 61.0 0.0 not_verse
2968.0 228.0 578.0 0.09 not_verse
6265.0 47369.0 1189.0 0.0 not_verse
262.0 222.0 51.0 0.11 not_verse
2084.0 232.0 379.0 0.2 not_verse
23.0 166.0 11.0 0.0 not_verse
100.0 46.0 19.0 0.18 not_verse
221.0 186.0 50.0 0.0 not_verse
287.0 202.0 63.0 0.22 not_verse
302.0 212.0 51.0 0.1 not_verse
237.0 91.0 66.0 0.28 not_verse
321.0 92.0 65.0 0.08 not_verse
238.0 113.0 47.0 0.21 not_verse
4036.0 32501.0 947.0 0.0 not_verse
261.0 362.0 57.0 0.0 not_verse
291.0 52.0 43.0 0.22 not_verse
261.0 214.0 48.0 0.22 not_verse
52.0 93.0 18.0 0.0 not_verse
328.0 199.0 64.0 0.09 not_verse
129.0 293.0 31.0 0.0 not_verse
203.0 286.0 43.0 0.2 not_verse
270.0 134.0 50.0 0.08 not_verse
123.0 105.0 25.0 0.38 not_verse
236.0 210.0 52.0 0.25 not_verse
3536.0 28569.0 769.0 0.0 not_verse
282.0 156.0 60.0 0.08 not_verse
35569.0 692.0 6186.0 0.17 not_verse
22022.0 527.0 3914.0 0.12 not_verse
302.0 78.0 89.0 0.28 not_verse
444.0 363.0 83.0 0.13 not_verse
265.0 190.0 54.0 0.3 not_verse
272.0 303.0 43.0 0.33 not_verse
485.0 161.0 125.0 0.11 not_verse
383.0 186.0 83.0 0.21 not_verse
352.0 264.0 83.0 0.0 not_verse
2141.0 14850.0 732.0 0.0 not_verse
320.0 243.0 55.0 0.13 not_verse
29.0 204.0 8.0 0.0 not_verse
4856.0 609.0 812.0 0.07 not_verse
204.0 227.0 53.0 0.0 not_verse
245.0 167.0 57.0 0.3 not_verse
6200.0 282.0 1125.0 0.14 not_verse
334.0 134.0 75.0 0.11 not_verse
80.0 122.0 17.0 0.0 not_verse
304.0 112.0 67.0 0.41 not_verse
116.0 874.0 28.0 0.0 not_verse
1948.0 14869.0 414.0 0.0 not_verse
395.0 393.0 84.0 0.0 not_verse
134.0 168.0 26.0 0.0 not_verse
289.0 269.0 58.0 0.14 not_verse
248.0 51.0 40.0 0.28 not_verse
16.0 107.0 6.0 0.0 not_verse
10503.0 736.0 2047.0 0.24 not_verse
456.0 250.0 96.0 0.23 not_verse
290.0 212.0 88.0 0.2 not_verse
3883.0 329.0 695.0 0.24 not_verse
451.0 161.0 107.0 0.06 not_verse
0.0 0.0 0.0 0.0 not_verse
4597.0 36027.0 1170.0 0.0 not_verse
281.0 291.0 78.0 0.29 not_verse
452.0 325.0 94.0 0.0 not_verse
323.0 189.0 79.0 0.18 not_verse
1879.0 215.0 347.0 0.33 not_verse
120.0 172.0 24.0 0.0 not_verse
277.0 124.0 59.0 0.0 not_verse
12889.0 499.0 2377.0 0.18 not_verse
4116.0 433.0 705.0 0.12 not_verse
243.0 78.0 46.0 0.22 not_verse
412.0 109.0 84.0 0.19 not_verse
1946.0 15340.0 479.0 0.0 not_verse
257.0 165.0 69.0 0.18 not_verse
6563.0 602.0 1175.0 0.07 not_verse
336.0 10.0 48.0 0.15 not_verse
248.0 97.0 42.0 0.13 not_verse
2069.0 598.0 379.0 0.08 not_verse
470.0 459.0 104.0 0.14 not_verse
304.0 155.0 57.0 0.14 not_verse
327.0 431.0 71.0 0.0 not_verse
26601.0 502.0 5089.0 0.13 not_verse
433.0 132.0 88.0 0.23 not_verse
5469.0 39524.0 1320.0 0.0 not_verse
2248.0 606.0 362.0 0.15 not_verse
282.0 391.0 47.0 0.0 not_verse
296.0 295.0 49.0 0.14 not_verse
214.0 302.0 50.0 0.0 not_verse
583.0 50.0 185.0 0.16 not_verse
210.0 354.0 43.0 0.0 not_verse
304.0 339.0 69.0 0.0 not_verse
390.0 218.0 73.0 0.0 not_verse
500.0 38.0 63.0 0.2 not_verse
337.0 111.0 99.0 0.5 not_verse
54.0 76.0 14.0 0.0 not_verse
3082.0 294.0 651.0 0.2 not_verse
260.0 125.0 48.0 0.21 not_verse
116.0 205.0 24.0 0.0 not_verse
18.0 125.0 9.0 0.0 not_verse
341.0 68.0 122.0 0.49 not_verse
7631.0 545.0 1340.0 0.07 not_verse
285.0 250.0 59.0 0.13 not_verse
482.0 354.0 106.0 0.0 not_verse
94.0 49.0 34.0 0.21 not_verse
4731.0 766.0 698.0 0.18 not_verse
437.0 22.0 9.0 0.2 not_verse
369.0 384.0 55.0 0.25 not_verse
225.0 265.0 47.0 0.33 not_verse
493.0 254.0 96.0 0.38 not_verse
290.0 195.0 51.0 0.2 not_verse
421.0 212.0 83.0 0.08 not_verse
13248.0 779.0 2386.0 0.18 not_verse
209.0 415.0 42.0 0.25 not_verse
12.0 95.0 8.0 0.0 not_verse
242.0 257.0 48.0 0.17 not_verse
297.0 255.0 45.0 0.13 not_verse
153.0 24.0 42.0 0.09 not_verse
2992.0 496.0 546.0 0.17 not_verse
3063.0 572.0 544.0 0.14 not_verse
362.0 189.0 67.0 0.08 not_verse
231.0 175.0 53.0 0.0 not_verse
6637.0 313.0 1282.0 0.2 not_verse
400.0 264.0 79.0 0.1 not_verse
2772.0 459.0 447.0 0.16 not_verse
280.0 147.0 64.0 0.15 not_verse
308.0 49.0 65.0 0.38 not_verse
5564.0 360.0 1184.0 0.14 not_verse
2804.0 21463.0 765.0 0.0 not_verse
444.0 307.0 70.0 0.2 not_verse
348.0 238.0 61.0 0.11 not_verse
99.0 176.0 17.0 0.25 not_verse
27.0 26.0 9.0 0.0 not_verse
294.0 241.0 55.0 0.11 not_verse
3236.0 402.0 640.0 0.1 not_verse
25.0 173.0 7.0 0.0 not_verse
4583.0 489.0 803.0 0.2 not_verse
268.0 302.0 48.0 0.0 not_verse
263.0 254.0 58.0 0.0 not_verse
4018.0 31342.0 1028.0 0.0 not_verse
263.0 98.0 67.0 0.11 not_verse
100.0 250.0 21.0 0.0 not_verse
322.0 222.0 64.0 0.0 not_verse
22.0 27.0 6.0 0.57 not_verse
2964.0 177.0 724.0 0.23 not_verse
283.0 70.0 65.0 0.31 not_verse
318.0 86.0 100.0 0.08 not_verse
444.0 180.0 110.0 0.06 not_verse
266.0 112.0 38.0 0.25 not_verse
28.0 187.0 3.0 0.0 not_verse
1985.0 14069.0 592.0 0.0 not_verse
224.0 241.0 47.0 0.29 not_verse
416.0 180.0 81.0 0.07 not_verse
306.0 211.0 66.0 0.0 not_verse
390.0 391.0 108.0 0.0 not_verse
4240.0 488.0 698.0 0.1 not_verse
461.0 272.0 66.0 0.25 not_verse
277.0 132.0 56.0 0.21 not_verse
2139.0 443.0 398.0 0.15 not_verse
262.0 259.0 47.0 0.43 not_verse
7139.0 509.0 1254.0 0.16 not_verse
1905.0 14582.0 388.0 0.0 not_verse
450.0 176.0 97.0 0.12 not_verse
275.0 509.0 41.0 0.25 not_verse
420.0 189.0 76.0 0.0 not_verse
425.0 343.0 72.0 0.11 not_verse
21.0 111.0 6.0 0.0 not_verse
6873.0 461.0 1501.0 0.13 not_verse
272.0 164.0 42.0 0.08 not_verse
267.0 37.0 84.0 0.35 not_verse
281.0 141.0 46.0 0.08 not_verse
27.0 190.0 5.0 0.0 not_verse
